 	Area	StdDev	XM	YM	Slice
1	246	9841.631	291.785	175.836	1
2	271	11063.066	435.710	178.452	1
3	256	10549.280	364.774	178.728	1
4	372	8194.802	291.445	176.003	2
5	433	7492.030	435.471	178.262	2
6	427	7303.956	364.685	178.634	2
7	437	4495.973	291.997	175.550	3
8	452	3611.558	435.350	177.702	3
9	447	3661.647	364.735	178.169	3
10	249	10131.139	291.988	175.982	4
11	265	11060.981	435.954	178.851	4
12	265	10538.382	365.101	178.793	4
13	369	8384.077	291.513	175.832	5
14	428	7365.882	364.822	178.650	5
15	429	7756.734	435.634	178.822	5
16	436	4521.173	292.137	175.359	6
17	449	3749.199	364.972	178.214	6
18	455	3811.863	435.582	178.392	6
19	252	9937.143	292.760	175.621	7
20	249	10618.947	365.913	178.884	7
21	249	11226.540	436.790	179.489	7
22	379	8116.263	292.289	175.637	8
23	426	7452.680	365.637	178.686	8
24	414	8214.015	436.478	178.720	8
25	434	4424.966	292.766	175.184	9
26	446	3791.763	365.550	178.467	9
27	450	4014.758	436.260	178.632	9
28	246	9931.964	293.133	175.856	10
29	266	10443.918	366.343	179.002	10
30	264	11021.142	437.203	179.292	10
31	382	7824.232	292.849	175.860	11
32	431	7778.764	437.089	178.604	11
33	428	7276.859	366.280	178.550	11
34	445	4193.750	293.131	175.378	12
35	451	3625.048	366.056	178.079	12
36	455	3772.811	436.767	178.327	12
37	238	10069.955	293.487	175.672	13
38	265	11027.653	437.501	178.687	13
39	254	10510.846	366.677	178.395	13
40	384	8067.083	293.366	175.688	14
41	423	7434.568	366.755	177.908	14
42	431	7768.749	437.552	178.082	14
43	444	4591.003	293.682	175.338	15
44	444	3762.782	366.423	177.358	15
45	455	3647.370	437.083	178.070	15
46	229	10250.532	293.240	175.778	16
47	246	10570.708	366.275	177.918	16
48	258	11074.123	437.083	178.990	16
49	384	8178.875	293.033	175.712	17
50	419	7578.266	366.328	177.439	17
51	429	7717.234	437.018	178.103	17
52	441	4687.898	293.435	175.400	18
53	446	3850.410	366.178	177.255	18
54	456	3680.507	436.744	178.007	18
55	234	10181.868	293.484	174.937	19
56	260	10467.542	366.546	177.389	19
57	291	10724.488	437.410	178.230	19
58	386	7804.063	293.188	174.719	20
59	421	7434.380	366.553	176.903	20
60	434	7311.042	437.176	178.027	20
61	451	4479.586	293.590	174.350	21
62	444	3739.508	366.462	176.522	21
63	453	3432.979	437.066	177.456	21
64	241	10103.780	293.214	174.432	22
65	252	10610.246	366.322	176.790	22
66	281	10866.821	437.155	177.900	22
67	373	7920.772	293.063	174.304	23
68	417	7525.419	366.406	176.408	23
69	432	7426.328	437.032	177.428	23
70	455	4462.107	293.520	173.886	24
71	446	3822.934	366.385	176.238	24
72	457	3369.779	436.939	177.171	24
73	245	9913.402	293.985	173.596	25
74	249	10608.719	366.933	176.375	25
75	278	10882.950	437.726	177.657	25
76	390	7689.125	293.434	173.307	26
77	420	7609.723	366.649	176.229	26
78	432	7522.932	437.296	177.309	26
79	452	4342.170	293.984	173.038	27
80	445	3864.056	366.580	175.867	27
81	457	3476.445	437.116	177.209	27
82	245	9648.708	294.096	172.840	28
83	245	10649.709	366.908	176.244	28
84	263	11043.168	437.702	177.430	28
85	384	7708.784	293.912	172.424	29
86	416	7690.810	366.803	176.067	29
87	426	7748.211	437.521	177.353	29
88	453	4320.574	294.204	172.375	30
89	443	3959.798	366.723	175.875	30
90	458	3691.096	437.244	177.139	30
91	243	9689.565	294.270	172.185	31
92	246	10717.800	366.991	175.823	31
93	265	11064.832	437.742	177.123	31
94	351	8072.503	294.062	172.157	32
95	410	7843.719	366.839	175.761	32
96	430	7708.264	437.537	177.054	32
97	449	4441.352	294.192	171.871	33
98	442	4005.606	366.588	175.482	33
99	453	3672.908	437.183	176.813	33
100	245	9468.324	294.404	171.625	34
101	249	10640.849	367.079	175.453	34
102	280	10831.442	437.853	176.974	34
103	353	8002.334	294.450	171.309	35
104	417	7661.148	367.130	175.207	35
105	433	7389.308	437.732	176.400	35
106	448	4433.598	294.777	171.216	36
107	446	3833.696	367.025	174.957	36
108	458	3310.509	437.508	176.383	36
109	242	9604.989	294.406	171.681	37
110	247	10680.342	367.100	174.627	37
111	287	10795.986	437.900	175.873	37
112	357	8102.502	294.503	171.695	38
113	414	7749.780	367.177	174.595	38
114	434	7289.556	437.739	175.977	38
115	450	4499.115	294.764	171.502	39
116	444	3947.081	367.007	174.250	39
117	456	3284.932	437.412	175.780	39
118	247	9590.478	293.999	172.057	40
119	246	10717.046	366.829	174.668	40
120	278	10839.268	437.556	176.631	40
121	356	8244.780	293.988	172.049	41
122	414	7749.558	366.795	174.459	41
123	435	7252.037	437.356	176.171	41
124	451	4677.069	294.344	171.771	42
125	444	4013.941	366.708	174.141	42
126	456	3435.385	437.148	175.944	42
127	246	9195.218	293.518	171.095	43
128	239	10769.708	366.458	173.436	43
129	247	11094.238	437.196	175.323	43
130	352	8050.079	293.544	171.200	44
131	400	8185.334	366.469	173.323	44
132	422	7959.752	436.985	175.153	44
133	451	4699.786	294.023	170.761	45
134	440	4415.187	366.491	172.973	45
135	448	3782.224	436.914	174.566	45
136	253	9152.441	293.589	170.542	46
137	240	10723.161	366.640	173.207	46
138	257	11038.434	437.343	175.103	46
139	378	7787.476	293.598	170.418	47
140	396	8265.477	366.543	172.934	47
141	426	7846.929	437.051	174.609	47
142	447	4494.407	293.883	170.436	48
143	441	4490.001	366.418	172.617	48
144	453	3943.084	436.801	174.189	48
145	255	9088.765	293.327	170.203	49
146	235	10758.340	366.325	173.098	49
147	256	11121.142	437.048	174.933	49
148	384	7692.780	293.241	170.083	50
149	398	8263.352	366.207	172.858	50
150	422	7877.150	436.717	174.608	50
151	455	4613.594	293.471	170.049	51
152	434	4400.485	366.045	172.524	51
153	455	3802.313	436.414	174.129	51
154	249	9339.311	293.256	170.259	52
155	241	10739.061	366.279	172.768	52
156	276	10894.229	437.061	174.173	52
157	359	8214.917	293.166	170.333	53
158	405	8156.535	366.221	172.612	53
159	428	7597.301	436.687	174.232	53
160	442	5007.456	293.295	170.286	54
161	434	4375.019	365.875	172.525	54
162	457	3702.535	436.262	174.177	54
163	258	9408.076	293.397	170.223	55
164	235	10769.257	366.441	172.621	55
165	250	11113.526	437.187	174.403	55
166	354	8318.841	293.486	170.061	56
167	404	8197.983	366.499	172.312	56
168	429	7648.107	436.982	173.834	56
169	444	4888.023	293.640	170.102	57
170	440	4369.067	366.209	172.180	57
171	453	3685.340	436.552	173.861	57
172	263	9483.782	293.452	170.378	58
173	237	10749.598	366.534	172.638	58
174	249	11137.981	437.245	174.393	58
175	367	8046.029	293.683	170.439	59
176	404	8308.408	366.816	172.457	59
177	418	8146.548	437.370	174.174	59
178	444	4435.606	293.776	170.368	60
179	439	4524.176	366.427	172.425	60
180	450	4008.118	436.935	174.462	60
181	263	9735.637	293.714	170.473	61
182	235	10836.886	366.850	172.631	61
183	235	11268.830	437.604	174.123	61
184	366	7991.479	293.981	170.573	62
185	394	8429.836	367.224	172.399	62
186	414	8398.747	437.773	174.097	62
187	444	4302.062	294.278	170.536	63
188	444	4657.199	367.021	172.233	63
189	449	4385.400	437.520	173.590	63
190	258	9816.269	293.897	170.028	64
191	231	10870.025	367.030	171.980	64
192	236	11313.660	437.783	173.326	64
193	360	7921.491	293.898	170.251	65
194	385	8610.917	367.148	171.838	65
195	410	8532.871	437.669	173.343	65
196	447	4197.285	294.193	170.044	66
197	438	4809.638	367.119	171.497	66
198	449	4584.538	437.570	172.688	66
199	268	9714.468	294.463	169.676	67
200	226	10878.281	367.676	171.811	67
201	231	11299.041	438.431	173.055	67
202	361	7831.856	294.367	170.032	68
203	393	8533.255	367.599	171.663	68
204	405	8680.930	438.206	173.151	68
205	450	4046.691	294.611	170.042	69
206	438	4734.307	367.417	171.579	69
207	454	4630.262	437.935	172.929	69
208	260	9254.739	293.891	170.029	70
209	234	10894.376	367.175	171.457	70
210	239	11297.369	437.924	172.191	70
211	390	8576.042	366.949	171.502	71
212	335	8107.348	293.573	170.576	71
213	409	8698.689	437.541	172.370	71
214	447	4555.507	293.776	170.252	72
215	435	4766.519	366.696	171.096	72
216	451	4641.340	437.181	172.019	72
217	258	9380.713	294.458	169.576	73
218	229	10900.288	367.805	170.918	73
219	242	11265.863	438.583	171.898	73
220	400	8353.323	367.933	170.785	74
221	342	8200.440	294.529	169.940	74
222	416	8331.565	438.513	172.036	74
223	438	4528.596	294.799	169.430	75
224	437	4531.399	367.614	170.387	75
225	447	4251.693	438.103	171.486	75
226	264	9588.618	294.820	169.548	76
227	239	10911.005	368.176	170.733	76
228	240	11259.709	438.968	171.552	76
229	353	8044.605	295.041	169.559	77
230	405	8272.938	368.557	170.293	77
231	409	8424.360	439.149	171.009	77
232	441	4292.619	295.390	169.219	78
233	443	4533.631	368.424	170.037	78
234	451	4574.767	439.008	170.673	78
235	260	9506.905	295.414	169.733	79
236	233	10917.191	368.765	170.876	79
237	238	11280.532	439.573	171.194	79
238	382	7832.060	295.506	169.878	80
239	396	8384.413	369.020	170.654	80
240	407	8572.891	439.678	170.974	80
241	450	4198.082	295.862	169.369	81
242	444	4458.988	368.899	170.204	81
243	446	4525.242	439.381	170.544	81
244	250	9487.013	295.479	169.974	82
245	231	10912.343	368.876	171.221	82
246	233	11341.575	439.644	171.568	82
247	388	7749.968	295.389	169.821	83
248	387	8654.355	368.924	170.817	83
249	389	9124.761	439.622	171.234	83
250	447	4259.001	295.710	169.356	84
251	438	4773.613	368.785	170.611	84
252	448	5224.204	439.379	171.165	84
253	247	9722.769	295.441	169.620	85
254	227	10930.732	368.890	171.111	85
255	231	11317.640	439.719	171.500	85
256	360	8270.927	295.084	169.438	86
257	384	8790.530	368.923	170.740	86
258	375	9469.408	439.594	171.328	86
259	445	4603.189	295.406	169.164	87
260	437	4865.890	368.710	170.656	87
261	452	5395.643	439.328	171.169	87
262	250	9790.401	295.616	169.313	88
263	231	10935.863	369.151	171.205	88
264	233	11302.992	439.983	171.904	88
265	370	7987.994	295.419	168.986	89
266	392	8504.595	369.166	170.508	89
267	397	8989.133	439.799	171.262	89
268	447	4372.189	295.745	168.830	90
269	439	4534.537	368.984	170.423	90
270	449	4829.410	439.549	171.196	90
271	258	9900.924	296.165	168.812	91
272	228	10965.766	369.664	171.043	91
273	231	11341.626	440.465	171.843	91
274	365	8167.913	295.891	168.365	92
275	389	8685.878	369.629	170.533	92
276	398	8877.973	440.331	171.806	92
277	444	4505.771	296.037	168.339	93
278	437	4763.539	369.284	170.585	93
279	452	4830.757	439.827	171.742	93
280	251	9929.014	296.283	168.696	94
281	230	10918.899	369.874	170.440	94
282	237	11362.111	440.689	171.270	94
283	380	8028.102	296.238	168.601	95
284	386	8661.924	370.112	170.106	95
285	403	8784.916	440.791	170.962	95
286	447	4347.617	296.593	168.458	96
287	442	4719.853	369.904	169.978	96
288	453	4800.293	440.450	170.914	96
289	255	9801.727	296.928	168.297	97
290	222	10931.082	370.567	169.910	97
291	237	11347.174	441.397	170.526	97
292	361	8063.227	296.865	168.396	98
293	381	8763.699	370.819	169.757	98
294	399	8913.305	441.533	170.708	98
295	443	4332.409	297.174	168.213	99
296	435	4904.904	370.523	169.529	99
297	450	4937.814	441.143	170.179	99
298	259	9674.779	297.177	169.188	100
299	223	10950.801	370.805	170.025	100
300	229	11353.991	441.668	170.525	100
301	377	7764.094	297.014	169.278	101
302	370	9012.960	371.091	169.738	101
303	382	9359.479	441.820	170.342	101
304	446	4064.887	297.243	169.161	102
305	438	5113.273	370.809	169.835	102
306	444	5378.328	441.402	170.486	102
307	255	9806.162	297.151	170.086	103
308	228	10950.271	370.872	170.507	103
309	233	11367.685	441.663	170.841	103
310	385	7541.883	296.899	170.109	104
311	383	8767.343	370.925	170.227	104
312	400	8952.312	441.651	170.692	104
313	446	3889.164	297.398	169.797	105
314	441	4807.022	370.836	169.966	105
315	445	4664.843	441.368	170.457	105
316	259	9595.013	297.053	169.823	106
317	228	10895.200	370.687	169.735	106
318	239	11309.023	441.476	170.293	106
319	392	8537.969	370.642	169.723	107
320	384	7339.658	296.650	169.961	107
321	406	8596.574	441.292	170.478	107
322	446	3690.162	297.225	169.580	108
323	436	4659.678	370.487	169.545	108
324	448	4593.145	441.101	170.399	108
325	225	10967.240	370.024	170.027	109
326	240	9570.989	296.688	170.142	109
327	240	11363.393	440.813	170.730	109
328	375	8943.808	369.890	169.831	110
329	403	8850.212	440.531	170.786	110
330	373	7723.474	296.117	170.147	110
331	450	4282.320	296.464	169.743	111
332	434	5045.228	369.690	169.688	111
333	447	4737.847	440.190	170.614	111
334	243	9604.656	296.262	170.207	112
335	223	10953.144	369.699	170.104	112
336	229	11343.430	440.494	170.899	112
337	379	8967.390	369.700	169.794	113
338	394	7482.009	296.041	170.073	113
339	396	8896.895	440.324	170.773	113
340	449	4074.727	296.376	169.793	114
341	433	5136.963	369.502	169.543	114
342	452	4867.067	440.091	170.167	114
343	246	9556.246	295.830	170.796	115
344	221	10894.435	369.332	170.144	115
345	223	11335.297	440.161	170.781	115
346	395	7498.053	295.536	170.671	116
347	344	9572.206	369.283	169.809	116
348	336	10024.189	439.989	170.573	116
349	438	5657.218	369.003	169.694	117
350	451	4113.933	295.846	170.313	117
351	440	5923.612	439.606	170.430	117
352	244	9677.841	296.045	170.831	118
353	225	10901.202	369.446	170.463	118
354	229	11392.789	440.271	171.270	118
355	391	7708.423	295.927	170.584	119
356	354	9440.226	369.606	170.225	119
357	374	9533.916	440.344	171.157	119
358	438	5552.659	369.158	170.029	120
359	449	4165.657	296.052	170.519	120
360	444	5437.613	439.794	171.011	120
361	224	10893.142	369.118	170.077	121
362	245	9457.566	295.625	170.518	121
363	225	11347.704	439.907	170.923	121
364	373	7891.233	295.523	170.336	122
365	357	9451.405	369.430	169.731	122
366	380	9304.973	440.114	170.663	122
367	435	5653.650	369.313	169.208	123
368	449	4301.924	296.034	169.778	123
369	446	5327.392	439.865	170.169	123
370	244	9899.047	295.719	169.807	124
371	223	10827.964	369.210	169.198	124
372	232	11348.884	440.008	170.354	124
373	358	8209.658	295.537	169.570	125
374	343	9579.303	369.487	168.704	125
375	385	9186.002	440.139	169.834	125
376	433	5793.389	369.363	168.549	126
377	440	4731.489	295.976	169.402	126
378	447	5375.577	439.954	169.922	126
379	245	9464.140	296.010	169.722	127
380	226	10893.362	369.389	169.228	127
381	233	11410.552	440.237	170.598	127
382	361	8059.707	295.628	169.570	128
383	350	9517.220	369.666	168.830	128
384	386	9204.600	440.260	170.351	128
385	432	5665.334	369.542	168.656	129
386	441	4819.876	296.111	169.382	129
387	449	5122.310	440.114	170.118	129
388	245	9584.447	296.139	169.135	130
389	223	10868.601	369.456	169.030	130
390	234	11381.708	440.268	170.745	130
391	351	8432.966	295.591	168.902	131
392	355	9418.169	369.389	168.611	131
393	394	9053.983	440.013	170.516	131
394	441	5001.069	296.009	168.750	132
395	436	5488.200	369.332	168.487	132
396	444	4987.226	439.878	170.270	132
397	249	9508.276	296.262	168.855	133
398	227	10905.429	369.494	169.060	133
399	236	11321.108	440.234	170.864	133
400	353	8561.309	295.914	168.662	134
401	369	9237.925	369.565	168.341	134
402	402	8744.813	440.157	170.563	134
403	435	5014.639	296.237	168.643	135
404	439	5351.918	369.279	168.353	135
405	444	4582.901	439.807	170.236	135
406	253	9367.338	296.171	168.270	136
407	227	10918.833	369.372	168.386	136
408	234	11373.974	440.178	169.904	136
409	375	7875.419	295.795	168.100	137
410	365	9328.105	369.346	167.906	137
411	401	8846.193	439.982	169.822	137
412	447	4540.413	296.071	167.956	138
413	443	5420.495	369.030	167.884	138
414	444	4793.242	439.480	169.626	138
415	251	9278.353	295.410	168.259	139
416	225	10919.707	368.700	168.152	139
417	238	11321.326	439.518	169.645	139
418	374	9161.628	368.882	167.747	140
419	378	7758.535	295.258	168.138	140
420	404	8588.829	439.430	169.344	140
421	449	4408.984	295.443	168.156	141
422	440	5212.993	368.498	167.683	141
423	447	4485.016	438.964	169.238	141
424	253	9374.127	295.507	167.854	142
425	227	10905.209	368.709	167.805	142
426	235	11280.654	439.551	169.150	142
427	379	9024.092	369.116	167.694	143
428	381	7733.082	295.671	167.863	143
429	414	8515.629	439.681	169.244	143
430	451	4306.526	295.856	167.731	144
431	436	5115.413	368.870	167.582	144
432	451	4536.161	439.341	169.125	144
433	258	9272.691	295.572	167.384	145
434	227	10968.904	368.831	167.648	145
435	235	11332.366	439.674	168.699	145
436	369	8020.307	295.402	167.520	146
437	380	9038.198	369.037	167.330	146
438	404	8760.355	439.684	168.552	146
439	447	4435.153	295.853	167.219	147
440	438	5218.064	368.994	167.057	147
441	449	4668.245	439.477	168.198	147
442	254	9414.041	295.881	166.778	148
443	228	10976.577	369.017	167.605	148
444	235	11341.057	439.832	169.006	148
445	363	8047.132	295.815	166.700	149
446	380	9007.542	369.084	167.382	149
447	401	8718.367	439.790	169.047	149
448	450	4348.757	296.416	166.399	150
449	444	5148.655	369.177	167.184	150
450	449	4728.191	439.727	168.720	150
451	259	9511.285	295.961	166.163	151
452	225	11021.678	369.088	168.002	151
453	234	11302.157	439.931	169.655	151
454	359	8114.706	295.794	166.220	152
455	379	9108.321	369.125	167.597	152
456	397	8933.288	439.818	169.412	152
457	440	4251.373	296.080	165.972	153
458	434	5292.527	368.819	167.426	153
459	449	5089.257	439.371	169.101	153
460	259	9326.440	296.049	166.759	154
461	225	11051.817	369.047	168.061	154
462	233	11357.163	439.878	169.380	154
463	384	7613.030	295.796	166.835	155
464	371	9254.160	368.990	167.712	155
465	394	8946.213	439.688	169.192	155
466	451	3991.928	296.080	166.570	156
467	431	5277.969	368.710	167.529	156
468	449	4884.835	439.250	168.804	156
469	268	9324.498	295.559	167.373	157
470	226	11015.346	368.733	167.906	157
471	227	11325.338	439.599	168.922	157
472	398	7215.438	295.537	167.367	158
473	372	9409.117	369.054	167.472	158
474	379	9328.022	439.807	168.439	158
475	460	3867.004	295.939	166.847	159
476	433	5494.408	368.775	167.329	159
477	450	5399.491	439.373	168.217	159
478	271	9360.898	295.335	167.133	160
479	227	11013.872	368.531	167.426	160
480	231	11293.250	439.466	168.040	160
481	413	7061.709	295.412	167.090	161
482	366	9402.281	368.930	167.045	161
483	381	9270.850	439.688	167.817	161
484	460	3715.258	296.189	166.671	162
485	437	5495.526	368.936	167.090	162
486	449	5274.033	439.581	167.821	162
487	279	9320.765	295.572	166.487	163
488	226	11019.431	368.842	167.573	163
489	232	11361.648	439.752	168.436	163
490	408	7356.098	295.294	166.211	164
491	376	9253.666	368.960	166.999	164
492	399	8931.550	439.658	167.594	164
493	460	3867.793	295.921	165.802	165
494	438	5303.572	368.741	166.992	165
495	450	4831.025	439.331	167.797	165
496	277	9184.638	295.073	166.438	166
497	229	10976.353	368.355	167.343	166
498	237	11290.851	439.249	167.796	166
499	408	7343.400	295.003	166.084	167
500	387	9027.753	368.464	166.679	167
501	411	8449.758	439.129	167.317	167
502	451	4089.911	295.525	165.615	168
503	437	5118.217	368.185	166.575	168
504	447	4373.240	438.786	167.283	168
505	249	9277.356	295.117	165.253	169
506	228	10923.324	368.123	166.130	169
507	246	11229.916	439.026	166.568	169
508	389	8004.185	294.999	165.268	170
509	386	8948.494	368.274	165.662	170
510	420	8058.920	438.898	166.087	170
511	435	4636.255	295.197	164.966	171
512	435	5045.088	367.918	165.568	171
513	454	4046.867	438.409	166.020	171
514	243	9511.497	295.002	165.066	172
515	230	10897.019	367.984	165.228	172
516	256	11026.433	438.892	165.606	172
517	391	8722.346	368.328	164.633	173
518	411	8358.480	439.009	165.383	173
519	362	8650.210	295.011	165.394	173
520	438	4863.014	367.993	164.519	174
521	448	4545.618	438.498	165.208	174
522	430	5104.761	295.085	165.109	174
523	238	9915.941	295.089	164.959	175
524	225	10754.318	368.082	164.291	175
525	236	11285.217	438.962	164.754	175
526	394	8752.392	368.437	163.752	176
527	391	8897.049	439.132	164.647	176
528	342	8976.588	295.103	165.138	176
529	436	5036.420	368.233	163.587	177
530	444	4813.179	438.815	164.159	177
531	431	5214.435	295.295	164.930	177
532	223	10771.631	367.925	163.631	178
533	239	10044.584	294.885	164.613	178
534	231	11328.012	438.804	164.537	178
535	378	9085.796	368.274	163.288	179
536	370	9489.449	439.021	164.405	179
537	343	8817.978	294.706	164.995	179
538	435	5305.797	368.200	163.137	180
539	442	5308.019	438.780	164.131	180
540	435	5099.616	295.129	164.631	180
541	221	10734.268	368.712	162.819	181
542	245	9556.304	295.584	164.182	181
543	232	11320.695	439.605	163.497	181
544	376	9112.203	368.971	162.754	182
545	363	9589.105	439.572	163.702	182
546	370	7934.281	295.412	164.397	182
547	435	5425.081	368.893	162.374	183
548	446	5628.735	439.475	163.223	183
549	447	4339.957	295.861	163.900	183
550	222	10706.615	368.671	162.015	184
551	227	11256.769	439.551	162.838	184
552	243	9698.828	295.710	163.535	184
553	361	9323.898	368.770	161.954	185
554	363	8092.828	295.284	163.600	185
555	337	10053.246	439.447	162.824	185
556	429	5803.919	368.671	161.579	186
557	448	6139.279	439.266	162.110	186
558	442	4414.867	295.638	163.345	186
559	252	9638.806	296.131	163.392	187
560	218	10721.911	369.015	161.973	187
561	224	11233.316	439.926	163.063	187
562	360	9397.934	369.281	161.655	188
563	335	10107.412	439.963	162.790	188
564	361	8161.347	296.186	163.503	188
565	432	5733.511	368.996	161.479	189
566	440	6049.446	439.509	162.535	189
567	438	4443.975	296.146	163.175	189
568	223	10712.913	369.087	161.599	190
569	226	11219.009	439.998	161.854	190
570	250	9730.471	296.214	163.894	190
571	360	9366.420	369.240	161.279	191
572	357	9689.011	439.976	161.415	191
573	376	7910.116	296.201	163.816	191
574	437	5777.154	368.848	160.997	192
575	441	5944.389	439.412	161.137	192
576	443	4354.198	296.103	163.359	192
577	225	10697.887	369.278	161.927	193
578	226	11210.876	440.204	162.324	193
579	257	9512.654	296.325	164.185	193
580	347	9596.117	369.539	161.619	194
581	331	10097.108	440.268	161.891	194
582	383	7746.924	296.333	163.877	194
583	433	5868.982	369.371	161.273	195
584	441	5946.519	439.946	161.352	195
585	438	4419.381	296.422	163.554	195
586	230	10739.110	368.937	162.553	196
587	226	11195.933	439.809	162.756	196
588	264	9450.364	295.933	164.771	196
589	345	9717.241	369.437	162.268	197
590	328	10140.682	440.138	162.351	197
591	401	7625.308	296.167	164.302	197
592	434	6055.171	369.037	162.150	198
593	437	6048.790	439.689	162.295	198
594	443	4155.654	296.088	164.065	198
595	266	9561.062	295.795	164.032	199
596	229	10738.275	368.690	162.923	199
597	227	11234.940	439.620	163.603	199
598	355	9514.998	369.092	162.668	200
599	392	7889.203	296.112	163.771	200
600	340	9908.337	439.855	163.622	200
601	434	5936.679	368.986	162.269	201
602	442	6070.216	439.565	162.924	201
603	436	4250.903	296.123	163.378	201
604	266	9614.126	296.010	163.326	202
605	230	10702.857	368.852	162.644	202
606	227	11294.397	439.733	163.950	202
607	367	9229.400	369.120	162.404	203
608	392	7784.082	296.184	163.215	203
609	372	9381.570	439.876	163.370	203
610	437	5531.433	369.027	162.130	204
611	446	5366.390	439.591	163.143	204
612	430	4197.297	296.260	162.935	204
613	267	9808.679	295.715	163.508	205
614	228	10700.196	368.555	162.602	205
615	229	11284.658	439.424	163.669	205
616	385	8939.936	368.700	162.350	206
617	384	9160.160	439.403	163.390	206
618	388	8044.053	295.717	163.484	206
619	435	5325.418	368.581	162.261	207
620	433	4452.818	295.687	163.355	207
621	440	5184.800	439.162	163.581	207
622	262	9518.505	296.190	163.107	208
623	231	10699.838	368.926	162.569	208
624	231	11321.551	439.814	163.736	208
625	388	8815.798	368.905	162.269	209
626	395	8992.587	439.625	163.543	209
627	385	7758.049	296.151	163.145	209
628	436	5199.059	368.616	162.351	210
629	440	4583.236	296.138	163.214	210
630	442	5040.752	439.204	163.502	210
631	259	9680.085	296.359	163.057	211
632	232	10684.908	369.029	162.806	211
633	238	11268.435	439.901	164.232	211
634	396	8611.733	369.028	162.676	212
635	409	8495.047	439.788	163.984	212
636	378	7896.371	296.397	163.334	212
637	441	4941.562	368.844	162.543	213
638	444	4507.139	296.557	163.465	213
639	450	4587.648	439.414	163.789	213
640	286	9370.533	296.447	163.187	214
641	232	10744.352	369.210	163.007	214
642	234	11321.116	440.098	164.395	214
643	392	8800.295	369.499	162.928	215
644	399	7569.153	296.766	163.525	215
645	396	8856.648	440.330	164.411	215
646	443	5157.928	369.159	162.772	216
647	447	4322.363	296.805	163.344	216
648	442	4778.974	439.803	164.157	216
649	270	9674.733	296.645	163.302	217
650	232	10743.248	369.288	163.359	217
651	239	11286.390	440.239	164.814	217
652	404	7578.497	296.945	163.636	218
653	391	8825.011	369.567	163.326	218
654	407	8779.259	440.357	164.872	218
655	445	5157.737	369.228	162.854	219
656	456	4117.783	296.790	163.496	219
657	448	4842.399	439.890	164.513	219
658	262	9688.656	296.483	162.947	220
659	231	10752.674	369.131	162.829	220
660	237	11294.412	440.032	164.512	220
661	381	7897.522	296.592	163.102	221
662	383	8947.861	369.254	162.623	221
663	394	8829.256	439.998	164.403	221
664	440	5370.258	369.100	162.293	222
665	454	4462.399	296.672	163.063	222
666	448	4984.683	439.742	163.938	222
667	248	9991.060	295.818	162.927	223
668	230	10775.987	368.608	162.447	223
669	226	11304.192	439.480	164.033	223
670	382	8079.872	295.981	163.130	224
671	380	9063.880	368.834	162.190	224
672	385	9168.622	439.628	164.080	224
673	443	5450.200	368.737	161.934	225
674	459	4498.683	296.174	163.014	225
675	445	5192.474	439.385	163.766	225
676	247	9895.996	295.636	163.649	226
677	229	10783.108	368.454	163.082	226
678	229	11282.544	439.363	164.664	226
679	375	9084.448	368.615	162.657	227
680	381	8043.556	295.769	163.633	227
681	378	9224.458	439.419	164.296	227
682	436	5380.011	368.662	162.552	228
683	454	4414.934	296.103	163.413	228
684	447	5136.537	439.297	164.199	228
685	249	9942.839	295.989	163.765	229
686	230	10805.508	368.813	162.647	229
687	235	11269.652	439.754	163.296	229
688	385	8884.659	368.888	162.533	230
689	391	7809.030	295.894	163.886	230
690	391	8995.929	439.662	163.444	230
691	441	5151.906	368.851	162.145	231
692	449	4878.768	439.437	162.914	231
693	443	4228.746	296.174	163.714	231
694	229	10829.901	368.656	162.538	232
695	241	9874.939	295.889	164.016	232
696	231	11305.496	439.584	163.447	232
697	386	8976.003	368.597	162.214	233
698	384	9144.708	439.370	162.972	233
699	392	7790.355	295.881	164.121	233
700	439	5252.379	368.486	162.036	234
701	443	5208.034	439.111	162.685	234
702	459	4401.376	296.046	164.123	234
703	226	10842.644	368.552	162.543	235
704	238	9985.015	295.792	164.188	235
705	231	11349.475	439.473	163.462	235
706	387	8945.289	368.707	162.184	236
707	393	7797.485	296.088	164.035	236
708	393	8991.511	439.527	163.245	236
709	443	5235.238	368.517	161.978	237
710	449	5095.806	439.154	163.000	237
711	465	4286.024	296.175	163.913	237
712	256	9609.684	296.087	163.173	238
713	227	10878.963	368.851	162.352	238
714	229	11312.047	439.758	163.661	238
715	413	7469.420	296.460	163.275	239
716	386	8987.568	368.915	162.057	239
717	387	9179.892	439.759	163.558	239
718	444	5223.419	368.538	161.972	240
719	455	4017.492	296.311	163.391	240
720	448	5197.142	439.225	163.388	240
721	270	9355.224	295.596	162.765	241
722	229	10941.112	368.457	162.724	241
723	228	11332.290	439.363	164.589	241
724	423	7245.570	296.040	162.815	242
725	381	9108.184	368.682	162.385	242
726	376	9395.201	439.546	164.172	242
727	444	5352.889	368.356	162.300	243
728	464	4034.093	296.085	162.868	243
729	447	5441.938	439.030	164.216	243
730	269	9078.790	295.544	162.184	244
731	225	10952.371	368.329	162.908	244
732	228	11331.556	439.231	164.960	244
733	435	6898.835	295.828	162.482	245
734	369	9335.020	368.547	162.722	245
735	363	9643.884	439.401	164.835	245
736	463	4111.091	295.785	162.584	246
737	440	5568.463	368.160	162.466	246
738	440	5719.944	438.822	164.686	246
739	247	9276.211	295.338	162.529	247
740	225	10982.747	367.948	163.059	247
741	229	11360.419	438.827	165.431	247
742	419	7307.559	295.419	162.631	248
743	366	9382.548	368.154	162.870	248
744	374	9385.377	438.969	165.564	248
745	455	4393.889	295.553	162.775	249
746	445	5524.689	367.942	162.878	249
747	445	5379.638	438.567	165.536	249
748	253	9099.736	295.097	162.482	250
749	225	11035.685	367.712	162.719	250
750	230	11346.810	438.626	165.392	250
751	423	7095.419	295.128	162.922	251
752	360	9452.820	367.946	162.717	251
753	365	9613.454	438.777	165.413	251
754	439	5597.854	367.852	162.172	252
755	471	4343.021	295.516	162.720	252
756	440	5685.334	438.521	164.605	252
757	258	9246.934	295.313	162.500	253
758	224	10995.166	367.901	161.882	253
759	228	11283.891	438.780	164.229	253
760	423	7379.989	295.303	162.905	254
761	360	9460.601	367.925	161.909	254
762	355	9812.989	438.763	164.307	254
763	446	5568.768	367.854	161.612	255
764	469	4488.974	295.605	162.613	255
765	443	5696.756	438.487	164.063	255
766	242	9594.405	295.238	162.932	256
767	225	10974.319	367.780	162.312	256
768	228	11251.835	438.611	164.731	256
769	404	7946.704	295.099	163.055	257
770	337	9796.253	367.688	162.146	257
771	330	10109.431	438.564	164.613	257
772	441	6032.457	367.726	161.928	258
773	465	4990.471	295.211	162.587	258
774	442	6278.418	438.380	164.337	258
775	226	11013.576	367.808	161.548	259
776	243	9590.472	295.360	162.766	259
777	228	11250.641	438.686	163.564	259
778	399	7972.216	295.238	163.099	260
779	328	9876.138	367.922	161.312	260
780	314	10390.958	438.770	163.087	260
781	438	6152.060	367.812	160.852	261
782	459	5144.623	295.306	162.590	261
783	439	6516.771	438.447	162.643	261
784	224	10919.048	368.069	160.596	262
785	246	9782.685	295.587	163.186	262
786	226	11174.222	438.907	162.294	262
787	323	9970.651	368.171	160.525	263
788	397	8099.252	295.650	163.564	263
789	308	10422.600	438.977	162.510	263
790	436	6243.924	367.897	160.213	264
791	440	6524.836	438.544	161.930	264
792	454	5109.876	295.355	162.669	264
793	219	10872.162	367.766	160.914	265
794	266	9720.992	295.251	163.983	265
795	223	11199.972	438.608	162.507	265
796	314	10058.675	367.987	160.870	266
797	305	10507.295	438.855	162.489	266
798	401	8168.500	295.424	163.975	266
799	439	6313.897	367.827	160.531	267
800	439	6690.515	438.536	161.917	267
801	451	5029.652	294.942	163.153	267
802	221	10877.400	368.224	161.102	268
803	264	9831.725	295.568	163.782	268
804	225	11161.794	439.039	162.767	268
805	289	10394.372	368.205	160.823	269
806	278	10819.355	439.122	162.529	269
807	396	8124.426	295.300	163.578	269
808	438	6544.779	368.348	160.806	270
809	452	5042.672	295.389	162.966	270
810	434	6853.580	439.022	162.619	270
811	221	10884.567	368.415	160.916	271
812	269	9639.945	295.677	163.808	271
813	225	11211.195	439.287	162.155	271
814	308	10184.697	368.460	160.721	272
815	404	7706.300	295.317	163.600	272
816	311	10351.229	439.333	161.890	272
817	435	6383.901	368.528	160.488	273
818	445	6267.909	439.177	161.850	273
819	454	4703.939	295.730	163.134	273
820	223	10885.130	368.276	160.554	274
821	263	9195.367	295.400	163.448	274
822	223	11184.630	439.120	162.463	274
823	428	7542.038	295.104	163.256	275
824	290	10367.045	368.111	160.381	275
825	304	10532.416	439.063	162.114	275
826	438	6485.724	368.120	160.101	276
827	441	6564.415	438.759	161.838	276
828	453	4751.521	295.212	162.888	276
829	224	10912.841	368.629	160.049	277
830	228	11181.825	439.532	160.840	277
831	270	9243.925	295.879	164.048	277
832	293	10379.459	368.640	159.716	278
833	296	10573.929	439.561	160.777	278
834	436	7585.314	295.883	163.456	278
835	434	6485.399	368.432	159.672	279
836	436	6687.030	439.130	160.618	279
837	448	4869.518	295.541	162.938	279
838	218	10893.382	368.767	158.900	280
839	226	11197.156	439.656	159.627	280
840	264	9274.728	296.111	163.711	280
841	303	10489.201	439.740	159.265	281
842	298	10334.521	368.873	158.739	281
843	416	7820.408	296.269	163.139	281
844	433	6409.165	368.757	158.351	282
845	443	6389.690	439.459	159.001	282
846	450	5069.153	296.312	162.419	282
847	221	10928.719	368.875	158.117	283
848	229	11235.661	439.734	158.590	283
849	341	9956.409	439.931	158.105	284
850	311	10157.226	368.993	157.942	284
851	407	7848.415	296.196	163.183	284
852	439	6295.539	368.977	157.650	285
853	442	6185.918	439.649	157.871	285
854	448	5218.570	296.495	162.395	285
855	219	10921.131	369.160	157.816	286
856	224	11316.990	440.072	158.012	286
857	260	8775.630	296.421	162.999	286
858	338	9854.795	369.108	157.739	287
859	357	9689.297	439.997	157.985	287
860	408	7743.997	296.023	162.808	287
861	442	6074.875	369.087	157.636	288
862	446	5679.421	439.769	158.030	288
863	451	5271.233	296.555	162.294	288
864	225	11036.894	368.671	157.660	289
865	230	11362.735	439.555	158.205	289
866	265	8899.539	295.741	161.928	289
867	341	9745.612	368.609	157.404	290
868	378	9323.053	439.391	157.765	290
869	368	7874.108	294.942	161.549	290
870	438	5880.825	368.352	157.233	291
871	446	5071.234	438.936	157.774	291
872	448	5356.000	295.367	161.281	291
873	225	10987.658	368.401	157.827	292
874	225	11311.757	439.300	158.391	292
875	263	9073.756	295.323	161.955	292
876	361	9629.982	439.392	158.295	293
877	326	9895.926	368.450	157.740	293
878	363	7846.729	294.656	161.414	293
879	438	6072.463	368.308	157.400	294
880	445	5682.101	438.980	157.969	294
881	448	5339.127	295.180	160.906	294
882	222	10925.914	368.401	157.882	295
883	227	11303.464	439.285	158.170	295
884	252	9199.979	295.347	162.103	295
885	335	9611.842	368.831	157.905	296
886	363	9352.214	439.691	158.221	296
887	357	7887.228	295.233	161.809	296
888	436	5988.099	368.559	157.640	297
889	447	5579.843	439.271	158.025	297
890	445	5253.529	295.558	161.277	297
891	224	10857.661	368.944	158.433	298
892	225	11251.606	439.750	158.691	298
893	262	9353.181	295.893	162.311	298
894	332	10079.298	439.512	158.739	299
895	365	8143.446	294.998	162.123	299
896	295	10244.978	368.563	158.632	299
897	438	6517.502	368.400	157.970	300
898	443	6129.366	439.039	158.158	300
899	444	5435.371	295.363	161.558	300
