14789966
14790016
14790066
14790566
14790616
14790666
14791166
14791216
14791266
14791766
14791816
14791866
14792366
14792417
14792466
14792966
14793016
14793066
14793566
14793616
14793666
14794166
14794216
14794266
14794766
14794816
14794867
14795366
14795416
14795466
14795966
14796016
14796066
14796567
14796617
14796667
14797168
14797218
14797268
14797768
14797818
14797868
14798367
14798417
14798467
14798967
14799017
14799067
14799567
14799617
14799667
14800167
14800217
14800267
14800767
14800817
14800867
14801367
14801417
14801466
14801967
14802017
14802067
14802567
14802617
14802667
14803167
14803217
14803267
14803767
14803817
14803867
14804367
14804417
14804467
14804966
14805017
14805067
14805567
14805617
14805667
14806167
14806217
14806267
14806767
14806817
14806867
14807367
14807417
14807467
14807967
14808017
14808067
14808567
14808617
14808667
14809167
14809217
14809266
14809767
14809817
14809867
14810366
14810416
14810467
14810967
14811017
14811067
14811565
14811615
14811665
14812165
14812215
14812266
14812765
14812815
14812865
14813365
14813415
14813465
14813965
14814016
14814066
14814566
14814616
14814666
14815166
14815216
14815266
14815766
14815816
14815866
14816366
14816416
14816466
14816966
14817016
14817066
14817566
14817616
14817666
14818166
14818216
14818266
14818766
14818817
14818866
14819366
14819417
14819467
14819966
14820016
14820066
14820566
14820616
14820666
14821166
14821217
14821266
14821766
14821816
14821866
14822366
14822417
14822466
14822966
14823016
14823066
14823566
14823617
14823667
14824167
14824215
14824265
14824766
14824816
14824865
14825366
14825416
14825466
14825966
14826016
14826066
14826566
14826616
14826665
14827166
14827216
14827266
14827766
14827815
14827866
14828365
14828415
14828466
14828965
14829015
14829066
14829565
14829616
14829665
14830165
14830215
14830265
14830766
14830815
14830865
14831366
14831416
14831466
14831967
14832017
14832067
14832567
14832616
14832666
14833166
14833216
14833267
14833767
14833816
14833866
14834367
14834417
14834467
14834967
14835017
14835067
14835567
14835616
14835667
14836166
14836216
14836266
14836766
14836816
14836867
14837365
14837416
14837466
14837965
14838015
14838066
14838565
14838616
14838666
14839166
14839216
14839266
14839766
14839816
14839865
14840365
14840416
14840465
14840965
14841016
14841066
14841565
14841616
14841666
14842166
14842215
14842265
14842765
14842816
14842865
14843366
14843416
14843466
14843966
14844016
14844066
14844565
14844615
14844665
14845165
14845215
14845265
14845766
14845815
14845865
14846366
14846416
14846465
14846965
14847015
14847065
14847566
14847616
14847666
14848165
14848215
14848265
14848765
14848815
14848865
14849367
14849417
14849467
