 	Area	StdDev	XM	YM	Slice
1	556	3468.903	289.316	130.688	1
2	487	6624.281	363.858	141.263	1
3	513	5710.700	435.310	141.302	1
4	712	2098.842	288.989	130.237	2
5	564	3268.739	435.149	141.176	2
6	508	3894.918	363.817	141.369	2
7	902	1467.229	288.345	129.688	3
8	769	1706.492	434.840	140.620	3
9	707	2171.558	363.801	141.061	3
10	562	3432.131	289.158	130.649	4
11	491	6578.753	363.607	141.162	4
12	511	5690.394	435.081	141.413	4
13	714	2097.156	288.784	129.963	5
14	505	3864.544	363.626	141.051	5
15	568	3231.523	434.928	141.225	5
16	907	1488.037	288.291	129.507	6
17	775	1654.501	434.682	140.755	6
18	707	2141.924	363.619	140.979	6
19	510	3952.285	289.215	130.798	7
20	489	7307.095	363.721	141.536	7
21	510	6493.066	435.238	141.837	7
22	670	2519.523	289.033	130.372	8
23	535	3783.391	435.070	141.227	8
24	497	4663.225	363.700	141.300	8
25	823	1437.851	288.514	129.766	9
26	740	2111.843	434.840	141.110	9
27	650	2639.319	363.699	141.313	9
28	519	3823.639	289.356	130.821	10
29	486	7201.425	363.712	141.738	10
30	514	6319.347	435.211	142.049	10
31	672	2456.573	289.200	129.965	11
32	501	4597.752	363.713	141.218	11
33	539	3742.962	435.127	141.436	11
34	828	1402.079	288.770	129.267	12
35	742	2062.020	434.904	140.807	12
36	659	2612.261	363.722	141.065	12
37	514	3837.845	289.744	130.762	13
38	481	7309.204	363.925	142.020	13
39	511	6393.549	435.427	142.199	13
40	670	2454.330	289.218	130.334	14
41	497	4630.537	363.686	141.773	14
42	537	3655.699	435.066	141.935	14
43	834	1405.758	288.804	129.682	15
44	741	2112.029	434.892	141.327	15
45	649	2610.345	363.686	141.662	15
46	513	3807.523	289.936	130.515	16
47	484	7461.741	363.986	142.230	16
48	506	6522.191	435.494	142.739	16
49	663	2457.256	289.464	130.102	17
50	496	4763.699	363.768	142.118	17
51	536	3904.525	435.185	142.809	17
52	829	1389.780	288.997	129.638	18
53	732	2176.146	434.879	142.432	18
54	642	2671.421	363.653	142.084	18
55	513	3840.027	289.890	130.642	19
56	482	7582.852	363.920	142.651	19
57	510	6702.968	435.425	143.283	19
58	662	2435.298	289.512	130.170	20
59	499	4913.708	363.799	142.553	20
60	528	4020.505	435.221	143.380	20
61	831	1372.203	289.235	129.735	21
62	722	2290.185	434.961	143.163	21
63	629	2711.809	363.733	142.516	21
64	515	3692.594	289.835	130.452	22
65	473	7672.642	363.753	142.955	22
66	507	6854.123	435.255	143.804	22
67	670	2364.497	289.478	129.821	23
68	495	5011.678	363.634	142.730	23
69	533	4172.766	435.047	143.832	23
70	839	1386.255	289.194	129.622	24
71	620	2759.528	363.636	142.827	24
72	711	2404.920	434.886	143.639	24
73	514	3747.128	289.805	130.385	25
74	473	7807.339	363.643	143.222	25
75	507	7005.263	435.149	144.329	25
76	666	2380.892	289.336	129.857	26
77	492	5144.299	363.454	142.921	26
78	528	4309.965	434.884	144.019	26
79	834	1406.737	289.107	129.554	27
80	611	2802.797	363.464	142.875	27
81	699	2478.613	434.710	144.016	27
82	510	3756.995	289.782	130.679	28
83	472	7859.230	363.650	143.344	28
84	506	7057.228	435.121	144.241	28
85	659	2397.562	289.540	130.097	29
86	492	5174.853	363.578	142.959	29
87	527	4478.397	435.010	143.787	29
88	833	1411.550	289.352	129.770	30
89	701	2498.383	434.836	143.706	30
90	613	2787.763	363.563	142.848	30
91	511	3773.568	289.815	131.099	31
92	468	7895.868	363.751	143.413	31
93	507	7132.038	435.199	144.218	31
94	651	2356.961	289.439	130.478	32
95	499	5193.514	363.518	143.082	32
96	529	4438.698	434.924	143.975	32
97	820	1360.339	289.271	130.120	33
98	682	2551.519	434.702	143.838	33
99	604	2815.038	363.427	142.827	33
100	514	3685.653	289.619	131.109	34
101	466	7999.856	363.559	143.506	34
102	500	7313.256	435.014	144.352	34
103	661	2334.093	289.318	130.568	35
104	496	5343.926	363.361	143.320	35
105	517	4688.455	434.802	144.283	35
106	828	1350.790	289.095	130.378	36
107	595	2857.116	363.202	143.027	36
108	669	2665.090	434.539	143.789	36
109	515	3646.263	289.485	131.417	37
110	459	8074.825	363.487	143.627	37
111	499	7504.233	434.963	144.518	37
112	659	2327.664	289.206	131.113	38
113	496	5460.235	363.315	143.499	38
114	515	4948.334	434.736	144.705	38
115	821	1320.801	288.950	130.810	39
116	585	2912.350	363.125	143.197	39
117	652	2744.698	434.456	144.284	39
118	514	3634.805	289.683	131.559	40
119	457	8170.211	363.424	143.852	40
120	497	7673.454	434.917	144.913	40
121	658	2295.925	289.404	131.311	41
122	486	5602.117	363.240	143.767	41
123	516	5129.469	434.648	144.895	41
124	835	1322.195	289.131	131.099	42
125	574	2958.541	363.000	143.559	42
126	637	2838.138	434.362	144.800	42
127	509	3629.202	289.522	131.535	43
128	447	8282.571	363.097	144.119	43
129	489	7917.589	434.571	145.420	43
130	663	2327.822	289.219	131.287	44
131	486	5797.069	362.935	143.971	44
132	518	5479.611	434.352	145.431	44
133	846	1350.936	288.892	131.044	45
134	567	3020.874	362.722	143.786	45
135	614	2949.814	434.086	145.379	45
136	506	3511.364	289.617	131.750	46
137	437	8394.648	362.962	144.549	46
138	489	8028.512	434.416	145.896	46
139	672	2264.110	289.390	131.362	47
140	481	5846.274	362.793	144.165	47
141	517	5637.350	434.205	145.650	47
142	846	1355.701	289.239	131.184	48
143	562	3054.853	362.670	144.039	48
144	597	3015.061	433.990	145.653	48
145	513	3445.339	289.693	131.704	49
146	436	8417.510	362.760	144.802	49
147	482	8155.999	434.299	146.340	49
148	666	2242.334	289.408	131.215	50
149	488	5878.040	362.632	144.474	50
150	514	5747.150	434.046	146.153	50
151	864	1334.050	289.454	130.921	51
152	560	3071.287	362.595	144.363	51
153	594	3100.431	433.914	146.228	51
154	519	3428.403	289.634	132.173	52
155	444	8370.827	362.606	145.211	52
156	483	8097.831	434.093	146.883	52
157	675	2206.277	289.440	131.646	53
158	484	5850.592	362.494	144.917	53
159	516	5636.220	433.913	146.610	53
160	862	1330.606	289.400	131.403	54
161	559	3040.782	362.400	144.607	54
162	591	3044.787	433.733	146.407	54
163	515	3364.114	289.762	131.847	55
164	441	8338.871	362.661	145.291	55
165	484	8069.840	434.188	146.780	55
166	678	2132.877	289.485	131.392	56
167	486	5826.547	362.431	144.968	56
168	515	5677.069	433.878	146.505	56
169	877	1327.189	289.361	130.976	57
170	555	3044.129	362.302	144.688	57
171	594	3114.676	433.627	146.422	57
172	513	3360.408	289.917	131.552	58
173	442	8381.100	362.614	145.580	58
174	478	8259.475	434.123	147.190	58
175	683	2148.623	289.725	131.096	59
176	486	5873.079	362.403	145.295	59
177	522	5866.121	433.819	147.058	59
178	877	1311.821	289.658	130.799	60
179	550	3038.468	362.246	145.004	60
180	584	3166.001	433.559	146.954	60
181	513	3372.750	289.673	131.643	61
182	442	8376.379	362.362	145.835	61
183	478	8221.110	433.869	147.216	61
184	671	2138.845	289.467	131.278	62
185	484	5831.242	362.133	145.685	62
186	513	5814.267	433.602	147.119	62
187	873	1307.354	289.504	130.889	63
188	555	3023.257	362.006	145.322	63
189	581	3163.876	433.400	146.878	63
190	513	3274.155	289.669	131.979	64
191	444	8327.690	362.209	146.327	64
192	481	8205.963	433.779	147.798	64
193	684	2067.738	289.538	131.832	65
194	481	5856.375	362.081	146.111	65
195	511	5874.266	433.559	147.644	65
196	888	1315.313	289.576	131.587	66
197	552	3015.277	361.875	145.813	66
198	591	3176.982	433.287	147.424	66
199	526	3272.342	289.955	132.481	67
200	440	8355.070	362.388	146.744	67
201	478	8181.777	433.942	148.059	67
202	684	1979.683	289.791	132.387	68
203	481	5876.450	362.193	146.566	68
204	514	5776.938	433.662	147.954	68
205	895	1307.616	289.889	132.179	69
206	555	3027.024	362.080	146.378	69
207	587	3149.549	433.429	147.889	69
208	530	3157.238	290.162	132.570	70
209	444	8285.470	362.438	147.077	70
210	478	8221.107	434.021	148.561	70
211	691	1928.514	290.093	132.293	71
212	480	5823.389	362.257	146.923	71
213	511	5874.121	433.736	148.567	71
214	896	1304.561	290.149	132.148	72
215	551	2980.571	362.114	146.908	72
216	579	3165.142	433.524	148.644	72
217	538	3043.459	290.291	132.409	73
218	448	8262.247	362.315	147.822	73
219	478	8261.520	433.908	149.586	73
220	703	1882.820	290.249	132.000	74
221	485	5833.531	362.163	147.553	74
222	511	5932.765	433.654	149.271	74
223	891	1316.753	290.310	131.873	75
224	554	2982.979	362.105	147.399	75
225	585	3191.732	433.488	149.312	75
226	537	3000.035	290.241	133.336	76
227	448	8242.389	362.197	148.287	76
228	484	8182.030	433.791	150.079	76
229	711	1868.176	290.103	132.912	77
230	478	5780.706	362.040	148.005	77
231	516	5865.715	433.559	149.659	77
232	894	1353.152	290.187	132.543	78
233	564	3030.308	361.965	147.674	78
234	588	3196.660	433.371	149.450	78
235	547	3056.976	290.383	134.178	79
236	451	8237.574	362.471	148.804	79
237	478	8286.329	434.074	150.785	79
238	712	1776.804	290.115	133.886	80
239	490	5827.273	362.274	148.582	80
240	510	5989.040	433.760	150.559	80
241	910	1274.009	290.055	133.540	81
242	552	3023.850	362.249	148.305	81
243	569	3258.669	433.613	150.234	81
244	562	3075.056	290.267	134.763	82
245	447	8296.814	362.439	149.294	82
246	473	8337.726	434.046	151.163	82
247	715	1776.195	290.083	134.546	83
248	484	5925.608	362.195	149.189	83
249	509	6137.390	433.741	151.199	83
250	922	1284.115	289.927	134.049	84
251	544	3046.174	362.161	148.773	84
252	565	3353.137	433.500	150.819	84
253	554	3019.917	290.903	134.613	85
254	451	8300.668	362.666	149.736	85
255	469	8345.721	434.268	152.036	85
256	715	1756.858	290.635	134.617	86
257	485	5984.848	362.550	149.752	86
258	518	6137.930	434.077	151.985	86
259	923	1282.939	290.468	134.244	87
260	547	3083.619	362.474	149.530	87
261	572	3304.288	433.811	151.800	87
262	564	2979.044	290.956	135.193	88
263	457	8265.250	362.853	150.159	88
264	467	8437.693	434.454	152.468	88
265	717	1733.827	290.695	134.937	89
266	486	5943.490	362.743	150.116	89
267	516	6164.026	434.214	152.475	89
268	928	1284.427	290.371	134.630	90
269	555	3104.641	362.522	149.975	90
270	570	3321.883	433.906	152.452	90
271	574	3076.019	290.577	136.396	91
272	452	8297.871	362.704	150.696	91
273	461	8395.280	434.348	153.078	91
274	713	1713.421	290.354	135.993	92
275	486	6000.040	362.654	150.574	92
276	521	6186.439	434.164	152.922	92
277	932	1277.997	290.066	135.681	93
278	550	3097.777	362.400	150.436	93
279	564	3340.377	433.851	152.795	93
280	578	3146.848	290.579	137.069	94
281	459	8275.601	362.830	151.260	94
282	469	8397.759	434.483	153.774	94
283	719	1690.683	290.412	136.849	95
284	487	6031.080	362.831	151.140	95
285	508	6201.058	434.347	153.535	95
286	933	1279.068	290.256	136.747	96
287	544	3127.767	362.569	151.076	96
288	560	3432.706	433.986	153.496	96
289	584	3084.592	290.201	137.536	97
290	454	8323.746	362.681	151.665	97
291	462	8522.951	434.290	154.035	97
292	722	1657.764	290.190	137.020	98
293	489	6046.397	362.618	151.428	98
294	520	6349.241	434.120	153.743	98
295	945	1274.284	290.088	136.857	99
296	545	3108.092	362.503	151.399	99
297	559	3444.293	433.911	153.794	99
298	585	3154.468	290.238	137.771	100
299	454	8320.637	362.725	152.179	100
300	466	8515.295	434.316	154.464	100
301	723	1695.715	290.196	137.092	101
302	487	6056.045	362.575	151.806	101
303	519	6339.888	434.115	154.091	101
304	937	1303.272	290.083	136.759	102
305	548	3145.116	362.396	151.693	102
306	559	3449.758	433.815	154.084	102
307	579	3193.396	290.401	137.408	103
308	453	8335.008	362.492	152.387	103
309	455	8582.742	434.127	154.714	103
310	719	1776.495	290.353	136.817	104
311	493	6067.865	362.431	152.099	104
312	509	6316.765	433.913	154.608	104
313	920	1337.619	290.238	136.213	105
314	539	3168.909	362.250	151.794	105
315	562	3482.842	433.630	154.274	105
316	575	3260.998	290.257	137.846	106
317	449	8432.593	362.456	152.788	106
318	454	8622.695	434.126	155.425	106
319	720	1804.281	290.102	137.389	107
320	490	6163.894	362.229	152.677	107
321	508	6407.820	433.765	155.410	107
322	925	1340.483	290.105	136.810	108
323	541	3181.186	362.158	152.326	108
324	560	3492.536	433.534	155.025	108
325	566	3361.067	290.296	137.324	109
326	446	8452.030	362.393	152.981	109
327	454	8603.440	434.031	155.905	109
328	717	1850.883	290.285	136.940	110
329	488	6170.673	362.161	152.960	110
330	514	6303.313	433.720	155.990	110
331	919	1323.104	290.156	136.578	111
332	542	3193.835	362.140	152.653	111
333	554	3453.710	433.505	155.465	111
334	569	3288.292	290.251	137.033	112
335	443	8487.239	362.245	153.123	112
336	454	8579.084	433.901	155.974	112
337	713	1796.162	290.251	136.477	113
338	488	6155.448	362.057	152.935	113
339	514	6390.643	433.582	156.121	113
340	927	1314.609	290.198	136.018	114
341	542	3204.870	361.987	152.727	114
342	557	3440.350	433.352	155.809	114
343	576	3243.602	290.368	137.156	115
344	444	8488.710	362.181	153.445	115
345	461	8544.380	433.818	156.720	115
346	711	1784.670	290.332	136.567	116
347	487	6168.193	362.052	153.112	116
348	512	6385.068	433.595	156.289	116
349	917	1304.498	290.278	136.180	117
350	542	3194.044	361.915	152.999	117
351	554	3450.443	433.292	156.262	117
352	574	3277.134	290.345	137.342	118
353	439	8536.414	362.191	153.497	118
354	458	8587.338	433.887	156.583	118
355	713	1790.590	290.319	136.993	119
356	487	6229.146	362.081	153.367	119
357	509	6417.100	433.640	156.488	119
358	921	1285.822	290.494	136.445	120
359	539	3230.271	361.974	153.206	120
360	555	3496.547	433.369	156.493	120
361	578	3260.613	289.989	137.616	121
362	434	8590.247	362.012	153.752	121
363	449	8695.979	433.598	157.057	121
364	718	1741.874	289.955	137.103	122
365	487	6299.304	361.860	153.409	122
366	514	6508.269	433.342	156.815	122
367	930	1272.657	290.211	136.651	123
368	535	3250.653	361.845	153.232	123
369	556	3508.603	433.162	156.739	123
370	572	3209.589	289.981	137.399	124
371	433	8569.271	362.036	154.008	124
372	453	8640.255	433.618	157.418	124
373	717	1741.124	290.029	137.044	125
374	488	6225.366	361.861	153.637	125
375	518	6408.848	433.321	157.020	125
376	932	1261.232	290.178	136.535	126
377	536	3228.790	361.816	153.378	126
378	559	3446.537	433.176	156.890	126
379	569	3324.769	289.982	137.216	127
380	438	8551.919	362.105	154.070	127
381	457	8572.993	433.709	157.506	127
382	706	1836.134	290.037	136.656	128
383	486	6239.586	361.933	153.685	128
384	516	6393.594	433.431	157.143	128
385	924	1298.067	290.192	135.965	129
386	529	3222.098	361.865	153.383	129
387	557	3489.419	433.195	156.784	129
388	566	3239.045	290.322	136.763	130
389	429	8615.914	362.149	153.870	130
390	454	8620.962	433.770	156.813	130
391	703	1828.280	290.183	136.367	131
392	491	6242.895	362.043	153.535	131
393	511	6347.985	433.565	156.578	131
394	927	1319.062	290.216	135.636	132
395	533	3245.354	361.957	153.097	132
396	554	3457.371	433.261	156.158	132
397	569	3185.793	290.256	136.656	133
398	430	8570.956	362.148	153.659	133
399	454	8620.595	433.758	156.482	133
400	711	1825.270	290.077	136.174	134
401	489	6216.375	361.986	153.450	134
402	515	6338.275	433.467	156.365	134
403	216	275.327	350.950	104.232	135
404	926	1330.488	290.060	135.494	135
405	541	3234.932	361.874	153.082	135
406	556	3402.011	433.211	155.926	135
407	571	3160.115	289.748	136.763	136
408	435	8530.383	361.954	153.513	136
409	459	8555.510	433.618	156.168	136
410	711	1754.072	289.625	136.492	137
411	491	6163.129	361.769	153.403	137
412	515	6289.352	433.254	156.171	137
413	941	1299.255	289.475	135.827	138
414	543	3222.680	361.564	153.107	138
415	561	3358.646	432.930	156.023	138
416	571	3229.525	289.475	136.629	139
417	437	8498.070	361.816	153.431	139
418	467	8501.924	433.463	156.394	139
419	717	1774.386	289.439	136.178	140
420	490	6172.220	361.763	153.260	140
421	514	6296.417	433.208	156.360	140
422	947	1297.608	289.249	135.781	141
423	541	3203.656	361.520	153.140	141
424	567	3421.450	432.876	156.054	141
425	569	3291.354	289.516	136.362	142
426	432	8509.268	361.842	152.863	142
427	458	8538.584	433.452	155.758	142
428	717	1821.685	289.329	136.007	143
429	486	6162.276	361.730	152.840	143
430	516	6300.738	433.222	155.849	143
431	936	1322.419	289.062	135.754	144
432	540	3195.344	361.529	152.609	144
433	563	3436.518	432.846	155.412	144
434	569	3305.499	289.210	136.535	145
435	436	8512.995	361.797	152.615	145
436	456	8565.006	433.471	154.969	145
437	713	1765.189	289.251	136.155	146
438	491	6184.864	361.880	152.454	146
439	514	6315.852	433.348	154.999	146
440	948	1328.096	289.053	135.910	147
441	533	3231.948	361.700	152.237	147
442	565	3427.180	433.057	154.766	147
443	560	3377.877	289.156	136.907	148
444	428	8556.941	361.944	152.512	148
445	458	8568.724	433.587	154.941	148
446	717	1887.824	289.060	136.283	149
447	488	6226.002	361.846	152.145	149
448	516	6327.861	433.300	154.793	149
449	944	1321.176	288.964	135.844	150
450	536	3247.728	361.760	151.931	150
451	557	3432.490	433.094	154.439	150
452	554	3475.202	288.527	136.823	151
453	431	8547.603	361.600	152.024	151
454	455	8615.283	433.275	154.101	151
455	709	1889.750	288.334	136.358	152
456	484	6228.342	361.529	151.734	152
457	514	6411.303	433.018	153.852	152
458	934	1322.562	288.180	136.013	153
459	532	3284.466	361.513	151.585	153
460	551	3491.736	432.855	153.689	153
461	541	3546.128	288.177	136.669	154
462	434	8536.590	361.500	151.804	154
463	456	8602.762	433.117	153.713	154
464	707	2006.620	287.873	136.143	155
465	487	6179.699	361.339	151.531	155
466	510	6389.391	432.837	153.610	155
467	926	1335.171	287.795	135.731	156
468	531	3227.113	361.303	151.296	156
469	563	3369.243	432.601	153.394	156
470	544	3587.051	288.013	136.876	157
471	439	8499.594	361.206	151.546	157
472	459	8566.798	432.840	153.086	157
473	701	1989.799	287.717	136.476	158
474	490	6129.649	361.018	151.339	158
475	514	6292.505	432.461	153.089	158
476	924	1345.688	287.710	135.885	159
477	542	3231.385	360.907	150.900	159
478	558	3436.871	432.184	152.302	159
479	548	3619.200	288.137	136.455	160
480	436	8509.582	361.154	151.024	160
481	467	8456.810	432.774	152.660	160
482	688	2038.628	287.845	136.207	161
483	488	6159.753	361.053	150.820	161
484	513	6227.146	432.528	152.432	161
485	200	318.372	348.246	102.244	162
486	916	1359.525	287.710	135.804	162
487	532	3222.223	360.991	150.539	162
488	564	3365.800	432.288	152.112	162
489	547	3635.845	288.514	136.182	163
490	434	8469.925	361.429	150.384	163
491	464	8443.470	433.044	151.644	163
492	685	2052.259	288.309	136.052	164
493	489	6087.157	361.320	150.225	164
494	512	6070.985	432.801	151.657	164
495	909	1370.090	287.950	135.781	165
496	537	3199.349	361.117	150.006	165
497	565	3291.112	432.439	151.293	165
498	546	3674.146	288.368	136.756	166
499	439	8447.448	361.398	150.159	166
500	473	8333.388	433.016	151.403	166
501	680	2066.576	288.072	136.631	167
502	489	6092.365	361.253	149.901	167
503	512	6063.654	432.722	151.172	167
504	907	1374.031	287.900	136.250	168
505	543	3192.493	361.180	149.726	168
506	571	3227.304	432.507	151.008	168
507	540	3664.821	288.149	136.869	169
508	437	8491.515	361.264	149.546	169
509	469	8383.252	432.893	150.455	169
510	679	2085.649	287.959	136.554	170
511	487	6109.855	361.189	149.269	170
512	513	6070.387	432.680	150.216	170
513	893	1375.715	287.796	136.244	171
514	536	3191.805	361.078	149.099	171
515	570	3265.976	432.428	149.910	171
516	530	3781.376	287.581	137.338	172
517	439	8462.239	360.890	149.154	172
518	471	8394.486	432.508	149.765	172
519	674	2137.239	287.416	136.947	173
520	487	6079.131	360.840	148.736	173
521	515	6077.438	432.313	149.442	173
522	201	291.368	347.424	100.470	174
523	888	1412.024	287.205	136.629	174
524	537	3167.412	360.727	148.610	174
525	572	3271.226	432.062	149.289	174
526	530	3683.928	287.609	137.606	175
527	439	8434.180	360.868	148.848	175
528	478	8294.496	432.512	149.298	175
529	688	2087.812	287.389	137.204	176
530	492	6056.591	360.820	148.449	176
531	516	6072.411	432.294	148.982	176
532	908	1421.075	287.323	136.887	177
533	537	3196.468	360.727	148.240	177
534	568	3280.940	432.022	148.580	177
535	532	3671.796	287.521	137.480	178
536	436	8468.246	360.812	148.587	178
537	468	8402.260	432.367	148.922	178
538	688	2080.136	287.274	137.204	179
539	489	6129.182	360.661	148.340	179
540	514	6101.623	432.127	148.565	179
541	918	1453.268	287.129	136.809	180
542	534	3199.650	360.646	147.948	180
543	566	3304.251	431.961	148.280	180
544	520	3729.529	287.466	137.380	181
545	432	8574.132	360.709	148.269	181
546	457	8528.595	432.357	148.354	181
547	681	2138.909	287.227	137.244	182
548	487	6250.774	360.645	148.055	182
549	511	6277.459	432.096	148.240	182
550	899	1463.414	287.022	137.032	183
551	536	3314.734	360.550	147.769	183
552	563	3382.882	431.873	148.013	183
553	514	3640.020	287.659	137.547	184
554	426	8650.913	360.778	148.218	184
555	456	8595.397	432.416	148.487	184
556	209	419.313	305.521	92.605	185
557	690	2149.881	287.485	137.395	185
558	482	6346.306	360.708	148.117	185
559	514	6368.645	432.189	148.478	185
560	902	1458.970	287.208	137.237	186
561	528	3359.385	360.600	147.865	186
562	559	3467.468	431.850	148.293	186
563	522	3588.399	287.829	137.173	187
564	421	8683.223	360.738	148.338	187
565	454	8615.943	432.391	148.707	187
566	683	2079.230	287.819	137.102	188
567	486	6342.262	360.760	148.272	188
568	510	6455.070	432.208	148.768	188
569	907	1410.230	287.576	137.061	189
570	531	3347.249	360.559	148.022	189
571	550	3531.672	431.847	148.431	189
572	524	3596.832	287.761	137.246	190
573	428	8602.201	360.633	148.443	190
574	460	8536.117	432.249	148.650	190
575	692	2005.231	287.735	136.949	191
576	489	6258.811	360.644	148.175	191
577	513	6310.643	432.089	148.545	191
578	919	1394.611	287.698	136.959	192
579	533	3290.215	360.550	148.106	192
580	559	3397.543	431.847	148.457	192
581	224	412.482	306.197	92.355	193
582	530	3669.492	288.252	137.669	193
583	429	8545.785	361.076	148.403	193
584	476	8265.081	432.730	148.610	193
585	685	2020.419	288.159	137.415	194
586	485	6187.813	361.084	148.055	194
587	513	5918.637	432.589	148.267	194
588	919	1322.878	288.071	137.231	195
589	537	3271.713	360.948	147.937	195
590	579	3190.512	432.263	148.270	195
591	538	3533.358	288.388	137.115	196
592	434	8547.575	361.084	148.227	196
593	481	8195.670	432.713	148.325	196
594	695	1973.534	288.324	136.882	197
595	489	6198.687	361.070	147.900	197
596	514	5771.594	432.577	148.182	197
597	926	1307.083	288.357	136.571	198
598	589	3102.893	432.429	147.833	198
599	536	3257.013	361.081	147.748	198
600	540	3516.778	288.560	136.858	199
601	436	8476.531	361.242	148.235	199
602	482	8092.457	432.873	148.229	199
603	694	1987.422	288.447	136.528	200
604	490	6148.248	361.144	147.854	200
605	517	5738.616	432.624	147.882	200
606	921	1283.334	288.460	136.097	201
607	604	3066.687	432.334	147.543	201
608	538	3237.924	360.997	147.607	201
609	526	3545.156	288.566	136.560	202
610	489	8024.429	432.643	148.121	202
611	433	8472.975	361.003	148.207	202
612	692	2014.432	288.397	136.380	203
613	487	6127.608	360.921	147.921	203
614	516	5601.039	432.395	147.830	203
615	917	1259.057	288.422	135.921	204
616	609	2996.556	432.162	147.682	204
617	541	3210.985	360.836	147.687	204
618	525	3529.367	288.893	136.928	205
619	441	8431.127	361.074	148.335	205
620	485	8002.067	432.729	148.313	205
621	685	1995.160	288.740	136.800	206
622	491	6082.200	360.973	148.146	206
623	519	5524.985	432.435	148.146	206
624	909	1238.644	288.771	136.427	207
625	603	3005.756	432.253	147.981	207
626	542	3188.050	360.892	147.850	207
627	542	3517.317	289.008	137.232	208
628	440	8409.672	361.215	148.561	208
629	486	7968.421	432.830	148.959	208
630	701	1987.768	288.871	137.144	209
631	486	6054.731	361.086	148.433	209
632	513	5539.382	432.543	148.773	209
633	927	1268.023	288.794	136.789	210
634	543	3172.752	361.004	147.976	210
635	611	2971.473	432.311	148.336	210
636	548	3513.376	289.248	137.498	211
637	444	8340.037	361.322	148.583	211
638	493	7836.006	432.908	148.924	211
639	703	1944.835	289.037	137.496	212
640	489	5946.582	361.157	148.385	212
641	514	5320.049	432.607	148.651	212
642	940	1296.529	288.896	137.211	213
643	548	3124.805	360.984	148.062	213
644	621	2890.155	432.339	148.575	213
645	542	3473.707	289.276	137.577	214
646	450	8325.501	361.371	148.535	214
647	496	7752.051	432.969	148.853	214
648	704	1913.977	289.112	137.552	215
649	488	5929.436	361.298	148.400	215
650	522	5220.964	432.744	148.923	215
651	952	1317.408	288.937	137.194	216
652	547	3090.255	361.105	148.130	216
653	636	2863.445	432.446	148.706	216
654	542	3501.065	289.014	137.510	217
655	445	8322.508	361.334	148.526	217
656	493	7731.525	432.917	149.081	217
657	703	1947.854	288.861	137.433	218
658	487	5934.373	361.227	148.443	218
659	519	5207.866	432.689	149.068	218
660	939	1304.387	288.722	137.245	219
661	549	3121.522	361.109	148.140	219
662	638	2856.742	432.465	148.691	219
663	550	3426.576	289.262	137.915	220
664	444	8342.123	361.413	148.400	220
665	494	7731.991	432.991	148.767	220
666	706	1893.571	289.053	137.881	221
667	487	5973.889	361.305	148.290	221
668	517	5126.837	432.715	148.741	221
669	948	1300.829	289.078	137.798	222
670	547	3130.737	361.266	148.136	222
671	626	2850.411	432.569	148.535	222
672	545	3440.660	289.227	138.643	223
673	493	7878.856	433.031	148.936	223
674	442	8421.610	361.472	148.714	223
675	707	1888.367	289.045	138.279	224
676	492	6043.517	361.420	148.385	224
677	514	5343.820	432.862	148.668	224
678	949	1316.095	288.986	138.404	225
679	542	3146.073	361.313	148.375	225
680	632	2885.085	432.723	148.865	225
681	548	3460.742	289.210	139.028	226
682	498	7756.320	433.068	149.297	226
683	442	8395.999	361.520	149.049	226
684	710	1872.469	289.104	138.531	227
685	490	6015.919	361.454	148.621	227
686	520	5198.704	432.924	148.918	227
687	960	1303.412	289.158	138.547	228
688	638	2817.657	432.808	148.898	228
689	540	3110.803	361.472	148.514	228
690	558	3512.754	289.506	139.039	229
691	444	8373.533	361.729	149.197	229
692	492	7746.791	433.355	149.556	229
693	708	1873.753	289.426	138.742	230
694	491	6000.490	361.672	148.992	230
695	522	5105.791	433.076	149.391	230
696	945	1282.639	289.343	138.519	231
697	641	2801.281	432.890	149.225	231
698	542	3138.820	361.554	148.738	231
699	542	3479.025	289.810	138.729	232
700	443	8408.640	361.903	149.459	232
701	495	7773.041	433.520	149.783	232
702	704	1857.133	289.633	138.428	233
703	488	6060.708	361.768	149.228	233
704	518	5163.768	433.220	149.662	233
705	955	1320.709	289.529	138.320	234
706	631	2847.532	433.089	149.214	234
707	541	3165.876	361.704	148.867	234
708	551	3518.767	289.996	138.824	235
709	496	7815.592	433.718	149.934	235
710	430	8525.835	362.113	149.561	235
711	717	1881.052	289.652	138.512	236
712	489	6115.141	361.961	149.372	236
713	517	5296.644	433.400	149.776	236
714	964	1354.133	289.555	138.518	237
715	541	3203.326	361.881	149.102	237
716	634	2872.618	433.234	149.506	237
717	539	3429.047	290.218	138.770	238
718	435	8469.897	362.111	149.881	238
719	493	7845.167	433.723	150.611	238
720	720	1901.360	289.954	138.576	239
721	489	6130.694	362.027	149.694	239
722	517	5221.519	433.459	150.646	239
723	963	1365.202	289.823	138.506	240
724	537	3192.320	361.946	149.323	240
725	632	2851.773	433.270	150.258	240
726	545	3430.129	290.573	139.283	241
727	425	8552.125	362.452	150.027	241
728	495	7802.285	433.990	150.683	241
729	720	1927.702	290.280	139.185	242
730	490	6150.836	362.303	149.846	242
731	514	5313.554	433.771	150.636	242
732	955	1448.444	289.875	139.233	243
733	631	2870.977	433.489	150.298	243
734	537	3207.150	362.148	149.555	243
735	546	3449.633	290.566	139.653	244
736	431	8610.683	362.467	150.048	244
737	491	7839.529	433.991	150.703	244
738	214	462.908	260.813	179.449	244
739	708	2011.797	290.162	139.606	245
740	486	6264.560	362.287	149.971	245
741	512	5315.733	433.729	150.438	245
742	942	1441.015	289.930	139.633	246
743	628	2851.283	433.464	150.323	246
744	532	3233.034	362.113	149.769	246
745	543	3509.388	290.515	139.829	247
746	491	7775.418	433.944	150.756	247
747	420	8629.930	362.331	150.331	247
748	209	412.629	259.813	178.482	247
749	709	2089.666	290.157	139.624	248
750	486	6257.843	362.294	150.260	248
751	513	5254.960	433.705	150.735	248
752	943	1440.894	289.689	139.573	249
753	534	3268.050	362.077	150.076	249
754	628	2870.806	433.386	150.674	249
755	537	3505.009	290.407	139.538	250
756	494	7724.462	433.905	150.983	250
757	429	8560.702	362.394	150.618	250
758	218	407.773	259.587	178.224	250
759	711	2087.940	290.288	139.356	251
760	493	6175.318	362.309	150.530	251
761	514	5204.091	433.731	151.118	251
762	243	350.395	259.476	178.549	251
763	206	298.198	350.230	102.709	252
764	940	1461.478	289.816	139.285	252
765	650	2805.658	433.369	150.896	252
766	534	3204.609	362.077	150.404	252
767	536	3503.852	290.239	139.453	253
768	436	8504.238	362.303	150.931	253
769	501	7705.946	433.826	151.432	253
770	209	424.022	259.605	178.823	253
771	700	2107.490	289.925	139.272	254
772	488	6163.715	362.195	150.682	254
773	515	5124.581	433.606	151.298	254
774	238	328.728	259.447	178.853	254
775	935	1456.215	289.518	139.272	255
776	657	2755.174	433.416	150.936	255
777	536	3194.400	362.067	150.554	255
778	533	3523.684	290.234	139.549	256
779	498	7659.734	433.763	151.131	256
780	431	8499.418	362.240	150.944	256
781	692	2112.168	290.011	139.402	257
782	488	6120.332	362.156	150.705	257
783	516	5086.642	433.555	150.904	257
784	929	1417.775	289.653	139.348	258
785	653	2763.806	433.370	151.063	258
786	530	3166.728	362.033	150.650	258
787	534	3545.644	290.016	139.580	259
788	502	7640.284	433.676	151.679	259
789	429	8469.504	362.148	151.336	259
790	694	2180.336	289.709	139.253	260
791	482	6116.499	362.084	150.962	260
792	519	5171.771	433.489	151.387	260
793	200	294.718	349.824	103.036	261
794	914	1422.878	289.633	139.073	261
795	647	2793.121	433.299	151.136	261
796	535	3227.658	361.939	150.839	261
797	528	3683.288	289.873	139.254	262
798	497	7761.186	433.519	151.516	262
799	427	8552.004	361.941	151.462	262
800	679	2276.783	289.608	139.023	263
801	483	6208.870	361.870	151.129	263
802	520	5260.901	433.276	151.293	263
803	201	289.728	349.751	103.123	264
804	906	1382.662	289.508	138.711	264
805	634	2818.251	433.102	151.213	264
806	531	3285.385	361.737	150.857	264
807	521	3556.918	289.999	139.465	265
808	495	7821.541	433.576	152.060	265
809	423	8577.611	361.984	151.804	265
810	681	2177.065	289.645	139.338	266
811	486	6298.153	361.876	151.494	266
812	522	5258.036	433.311	151.937	266
813	912	1401.365	289.579	138.942	267
814	632	2873.878	433.072	151.620	267
815	530	3360.754	361.738	151.168	267
816	512	3620.938	290.088	139.853	268
817	492	7870.474	433.624	152.772	268
818	407	8693.798	362.018	152.305	268
819	684	2249.329	289.674	139.819	269
820	484	6388.422	361.886	152.072	269
821	522	5382.276	433.281	152.911	269
822	231	507.807	258.869	180.976	269
823	899	1425.384	289.465	139.457	270
824	525	3406.461	361.792	151.741	270
825	624	2892.366	433.117	152.633	270
826	512	3723.275	290.013	140.002	271
827	497	7844.597	433.646	153.832	271
828	407	8761.798	362.029	152.984	271
829	681	2349.826	289.641	139.871	272
830	485	6435.186	362.001	152.670	272
831	519	5369.241	433.422	153.816	272
832	878	1434.474	289.321	139.577	273
833	628	2863.313	433.169	153.444	273
834	523	3402.515	361.923	152.371	273
835	507	3718.087	290.018	140.322	274
836	498	7834.219	433.645	154.274	274
837	403	8762.828	362.028	153.266	274
838	677	2331.663	289.730	140.226	275
839	483	6433.509	362.025	152.939	275
840	515	5375.454	433.411	154.017	275
841	202	301.721	349.864	104.886	276
842	881	1449.635	289.351	140.006	276
843	524	3442.918	361.917	152.738	276
844	620	2893.671	433.128	153.988	276
845	501	3743.798	290.167	140.815	277
846	490	7879.840	433.695	154.682	277
847	399	8809.874	362.097	153.576	277
848	678	2347.649	290.024	140.536	278
849	485	6458.603	362.165	153.330	278
850	517	5345.452	433.547	154.597	278
851	876	1445.355	289.662	140.233	279
852	524	3451.127	362.172	153.159	279
853	625	2852.784	433.316	154.565	279
854	517	3660.032	290.332	141.011	280
855	396	8782.322	362.160	154.020	280
856	490	7867.398	433.774	155.295	280
857	688	2224.209	290.127	140.640	281
858	486	6515.290	362.226	153.670	281
859	517	5375.618	433.594	155.125	281
860	894	1428.738	289.870	140.507	282
861	521	3490.911	362.332	153.501	282
862	623	2900.246	433.504	155.194	282
863	523	3570.898	290.755	141.081	283
864	490	7984.994	433.887	155.933	283
865	398	8872.530	362.245	154.464	283
866	200	300.088	308.140	95.403	284
867	690	2269.163	290.600	140.456	284
868	479	6716.022	362.382	154.039	284
869	512	5496.630	433.709	155.503	284
870	221	553.139	260.128	180.803	284
871	884	1459.553	290.224	140.250	285
872	516	3637.833	362.461	153.961	285
873	611	2976.798	433.502	155.615	285
874	523	3695.994	290.574	141.194	286
875	391	8956.071	362.246	154.679	286
876	483	8054.110	433.852	156.238	286
877	681	2329.341	290.311	140.765	287
878	482	6817.870	362.295	154.312	287
879	514	5614.102	433.617	156.000	287
880	204	457.212	260.113	180.308	287
881	867	1439.089	289.891	140.418	288
882	516	3759.638	362.340	153.994	288
883	603	3028.649	433.391	155.681	288
884	515	3737.713	290.789	141.560	289
885	401	8903.945	362.611	155.277	289
886	477	8058.372	434.156	156.961	289
887	672	2350.324	290.532	141.237	290
888	480	6941.540	362.640	155.032	290
889	514	5594.874	433.881	156.811	290
890	863	1448.786	290.202	140.806	291
891	506	3775.349	362.594	154.582	291
892	617	2965.708	433.730	156.407	291
893	525	3564.047	291.074	141.585	292
894	411	8775.773	362.911	155.513	292
895	490	7936.470	434.421	156.971	292
896	671	2319.431	290.868	141.322	293
897	485	6831.597	362.879	155.336	293
898	515	5416.699	434.158	157.113	293
899	875	1499.245	290.556	140.955	294
900	507	3717.803	362.768	155.116	294
901	621	2909.264	433.910	157.014	294
902	521	3648.448	291.414	141.337	295
903	413	8708.891	363.139	155.985	295
904	494	7847.795	434.617	157.557	295
905	677	2367.969	291.048	141.011	296
906	487	6717.691	363.058	155.680	296
907	513	5310.564	434.372	157.489	296
908	860	1480.047	290.675	140.779	297
909	519	3629.468	362.959	155.487	297
910	624	2874.321	434.197	157.325	297
911	522	3609.507	291.185	141.564	298
912	420	8633.316	363.222	156.563	298
913	492	7697.261	434.626	158.177	298
914	671	2348.107	291.009	141.213	299
915	487	6537.592	363.197	156.151	299
916	513	5156.162	434.441	157.805	299
917	867	1483.571	290.798	140.942	300
918	519	3529.320	363.098	155.915	300
919	641	2786.766	434.333	157.695	300
