10686963
10687013
10687063
10687563
10687613
10687663
10688164
10688214
10688265
10688764
10688814
10688864
10689364
10689414
10689464
10689964
10690014
10690064
10690564
10690614
10690664
10691164
10691214
10691264
10691765
10691815
10691864
10692365
10692414
10692464
10692964
10693014
10693064
10693564
10693614
10693664
10694164
10694214
10694264
10694764
10694814
10694864
10695365
10695415
10695465
10695964
10696014
10696064
10696564
10696614
10696663
10697164
10697214
10697263
10697764
10697814
10697863
10698363
10698414
10698464
10698964
10699014
10699063
10699564
10699614
10699664
10700164
10700214
10700264
10700764
10700813
10700863
10701364
10701414
10701463
10701963
10702013
10702063
10702564
10702614
10702664
10703164
10703214
10703264
10703764
10703813
10703863
10704364
10704414
10704464
10704964
10705014
10705064
10705565
10705615
10705665
10706165
10706215
10706265
10706765
10706815
10706865
10707365
10707415
10707465
10707964
10708014
10708065
10708565
10708615
10708663
10709163
10709213
10709263
10709763
10709813
10709863
10710363
10710413
10710463
10710964
10711014
10711064
10711563
10711613
10711663
10712163
10712213
10712263
10712763
10712813
10712863
10713363
10713413
10713463
10713964
10714014
10714064
10714563
10714613
10714663
10715163
10715213
10715263
10715763
10715814
10715864
10716363
10716413
10716463
10716964
10717013
10717063
10717563
10717613
10717663
10718163
10718213
10718264
10718763
10718813
10718863
10719363
10719413
10719463
10719963
10720013
10720063
10720563
10720613
10720663
10721163
10721213
10721263
10721763
10721813
10721863
10722363
10722413
10722463
10722964
10723014
10723064
10723564
10723614
10723664
10724164
10724214
10724264
10724764
10724814
10724864
10725363
10725413
10725463
10725964
10726013
10726063
10726563
10726613
10726663
10727164
10727214
10727264
10727764
10727814
10727864
10728363
10728413
10728463
10728964
10729014
10729064
10729564
10729614
10729664
10730164
10730214
10730263
10730764
10730814
10730864
10731364
10731414
10731464
10731964
10732014
10732064
10732564
10732614
10732664
10733164
10733214
10733264
10733764
10733814
10733864
10734362
10734412
10734462
10734962
10735012
10735062
10735562
10735612
10735662
10736163
10736213
10736262
10736762
10736813
10736863
10737363
10737413
10737462
10737962
10738012
10738062
10738562
10738612
10738662
10739162
10739212
10739262
10739762
10739813
10739863
10740363
10740413
10740463
10740963
10741013
10741064
10741563
10741613
10741663
10742163
10742214
10742263
10742763
10742813
10742863
10743363
10743413
10743463
10743964
10744014
10744064
10744563
10744613
10744663
10745164
10745214
10745263
10745763
10745813
10745863
10746364
10746414
10746464