5361230
5361280
5361330
5361829
5361879
5361929
5362429
5362479
5362529
5363029
5363079
5363129
5363630
5363680
5363729
5364229
5364279
5364329
5364830
5364880
5364929
5365430
5365479
5365529
5366029
5366079
5366129
5366629
5366679
5366729
5367229
5367279
5367329
5367829
5367880
5367930
5368429
5368480
5368530
5369029
5369079
5369129
5369629
5369678
5369728
5370229
5370279
5370329
5370829
5370879
5370929
5371428
5371478
5371528
5372028
5372079
5372129
5372629
5372678
5372729
5373230
5373280
5373330
5373830
5373880
5373930
5374430
5374480
5374530
5375030
5375080
5375130
5375630
5375680
5375730
5376229
5376279
5376329
5376830
5376880
5376929
5377429
5377479
5377529
5378030
5378080
5378129
5378630
5378680
5378730
5379230
5379280
5379330
5379830
5379880
5379930
5380430
5380480
5380530
5381030
5381080
5381130
5381630
5381680
5381730
5382228
5382278
5382328
5382828
5382878
5382928
5383428
5383478
5383528
5384029
5384079
5384128
5384628
5384678
5384728
5385228
5385278
5385328
5385828
5385878
5385928
5386428
5386478
5386528
5387029
5387078
5387128
5387628
5387678
5387728
5388229
5388279
5388329
5388829
5388879
5388929
5389429
5389479
5389529
5390029
5390078
5390128
5390629
5390679
5390729
5391229
5391279
5391329
5391829
5391880
5391930
5392430
5392480
5392529
5393030
5393080
5393130
5393629
5393679
5393729
5394229
5394279
5394329
5394829
5394879
5394929
5395429
5395478
5395528
5396029
5396079
5396129
5396628
5396678
5396728
5397229
5397279
5397328
5397828
5397878
5397928
5398429
5398479
5398529
5399028
5399079
5399129
5399628
5399678
5399728
5400229
5400279
5400329
5400829
5400879
5400929
5401428
5401478
5401528
5402028
5402078
5402128
5402629
5402679
5402729
5403229
5403279
5403329
5403829
5403879
5403929
5404429
5404479
5404529
5405029
5405079
5405129
5405629
5405679
5405729
5406228
5406279
5406329
5406829
5406879
5406929
5407429
5407479
5407529
5408028
5408078
5408128
5408629
5408679
5408729
5409228
5409278
5409328
5409828
5409879
5409928
5410428
5410478
5410528
5411028
5411078
5411128
5411628
5411678
5411728
5412228
5412278
5412328
5412828
5412878
5412928
5413428
5413478
5413528
5414028
5414078
5414128
5414629
5414679
5414729
5415228
5415278
5415328
5415828
5415878
5415928
5416428
5416478
5416528
5417028
5417078
5417128
5417628
5417678
5417728
5418228
5418279
5418329
5418828
5418878
5418928
5419428
5419478
5419528
5420028
5420078
5420128
5420628
5420678
5420728
