 	Area	StdDev	XM	YM	Slice
1	1993	1075.057	62.918	64.208	45
2	1961	1084.633	62.880	64.088	46
3	1951	1096.772	62.645	63.875	47
4	1938	1099.752	62.908	63.898	48
5	1906	1110.686	62.620	63.438	49
6	1889	1115.544	62.712	63.536	50
7	1875	1118.173	62.863	64.319	51
8	1864	1129.442	62.611	64.471	52
9	1836	1135.865	62.696	63.702	53
10	1807	1147.731	62.275	64.366	54
11	1799	1153.336	62.822	64.089	55
12	1772	1163.237	63.156	64.109	56
13	1756	1176.680	62.751	63.785	57
14	1727	1190.351	63.047	63.370	58
15	1712	1204.515	62.589	63.814	59
16	1691	1224.426	62.809	63.627	60
17	1680	1233.366	63.211	63.917	61
18	1655	1253.255	62.500	63.984	62
19	1633	1273.450	62.712	64.090	63
20	1611	1287.414	62.506	64.382	64
21	1589	1308.784	62.581	64.485	65
22	1585	1316.861	62.622	64.045	66
23	1558	1337.193	62.257	63.695	67
24	1544	1347.884	62.967	64.244	68
25	1524	1367.609	62.837	63.980	69
26	1502	1379.347	62.651	64.524	70
27	1488	1387.267	62.350	64.144	71
28	1469	1396.256	62.341	64.374	72
29	1450	1409.751	62.418	64.328	73
30	1441	1420.537	62.858	63.966	74
31	1423	1436.009	62.459	63.682	75
32	1396	1438.975	62.630	63.466	76
33	1380	1448.759	62.935	63.558	77
34	1365	1463.857	62.541	64.086	78
35	1349	1466.297	62.617	64.108	79
36	1332	1477.846	62.754	64.473	80
37	1320	1491.505	62.344	64.069	81
38	1294	1508.292	62.764	64.162	82
39	1281	1540.404	62.802	63.665	83
40	1264	1555.176	63.133	64.223	84
41	1254	1577.675	62.975	64.337	85
42	1235	1608.429	63.048	64.068	86
43	1225	1634.597	62.577	64.052	87
44	1201	1665.261	62.585	63.827	88
45	1196	1689.645	62.632	63.903	89
46	1174	1729.011	62.914	63.904	90
47	1158	1758.237	62.811	63.993	91
48	1142	1773.059	62.930	64.210	92
49	1140	1817.875	62.870	64.419	93
50	1120	1844.896	63.232	64.330	94
51	1121	1874.175	62.923	64.152	95
52	1098	1895.797	62.536	64.522	96
53	1083	1913.873	63.238	64.412	97
54	1074	1937.040	62.382	64.457	98
55	1064	1960.346	63.135	64.637	99
56	1052	1962.007	63.036	63.951	100
57	1040	1978.406	63.331	64.344	101
58	1029	1986.939	63.071	64.560	102
59	1019	1987.295	63.062	63.984	103
60	1011	2004.371	63.083	64.413	104
61	991	1995.788	63.017	64.563	105
62	978	2005.059	63.036	64.384	106
63	961	2003.723	63.309	64.411	107
64	953	2002.164	62.928	64.407	108
65	945	2017.586	62.779	64.226	109
66	932	2021.755	62.856	64.387	110
67	916	2032.837	63.052	64.652	111
68	897	2029.219	63.342	64.715	112
69	892	2066.896	63.318	64.914	113
70	877	2081.298	63.087	64.920	114
71	864	2123.215	63.284	65.079	115
72	854	2147.227	63.196	64.816	116
73	841	2177.311	63.536	64.511	117
74	830	2222.546	63.357	64.585	118
75	823	2287.519	62.987	64.581	119
76	808	2366.051	63.270	64.937	120
77	810	2458.070	62.961	64.463	121
78	795	2533.201	62.961	64.686	122
79	792	2629.728	63.340	64.609	123
80	779	2693.579	63.575	64.845	124
81	779	2830.072	63.149	64.940	125
82	771	2884.774	62.881	64.393	126
83	768	3016.942	63.219	64.865	127
84	761	3109.936	63.643	65.296	128
85	758	3198.499	62.854	65.143	129
86	757	3319.284	63.339	64.877	130
87	745	3416.398	63.417	65.052	131
88	741	3509.052	63.251	64.793	132
89	735	3601.182	63.453	64.967	133
90	737	3720.912	63.729	64.987	134
91	724	3777.887	63.291	65.153	135
92	725	3880.375	63.586	64.499	136
93	720	4007.716	62.652	64.929	137
94	710	4090.831	63.306	64.923	138
95	698	4146.379	63.570	65.061	139
96	695	4262.510	63.579	64.694	140
97	680	4378.848	63.076	65.050	141
98	671	4449.513	62.850	64.931	142
99	665	4569.842	63.102	65.400	143
100	655	4680.187	63.284	65.430	144
101	645	4756.241	63.068	65.055	145
102	638	4862.227	63.333	65.395	146
103	627	4935.978	63.264	65.237	147
104	616	5043.001	63.535	65.256	148
105	608	5172.718	63.747	65.038	149
106	599	5229.521	64.011	65.309	150
107	586	5356.495	63.589	65.177	151
108	576	5536.079	63.457	65.266	152
109	570	5619.236	63.755	65.100	153
110	566	5763.674	63.734	65.576	154
111	560	5918.754	63.450	65.260	155
112	551	6036.793	63.538	65.310	156
113	556	6195.058	63.671	65.108	157
114	545	6352.065	63.381	65.594	158
115	544	6514.458	63.630	65.030	159
116	532	6664.566	63.631	65.027	160
117	535	6778.503	63.506	65.469	161
118	532	6933.386	63.559	65.244	162
119	529	7049.125	64.078	65.550	163
120	529	7235.750	63.858	65.121	164
121	533	7399.582	64.060	65.200	165
122	527	7546.273	63.833	65.264	166
123	528	7766.386	64.195	65.504	167
124	527	7865.694	64.256	65.538	168
125	524	8034.541	63.779	65.621	169
126	531	8212.698	64.026	65.506	170
127	525	8336.670	63.712	65.461	171
128	528	8489.813	63.710	65.619	172
129	525	8658.340	64.135	65.252	173
130	525	8772.670	64.164	65.687	174
131	528	8924.830	63.527	65.793	175
132	527	9028.955	63.707	65.486	176
133	527	9166.647	63.967	65.818	177
134	529	9307.482	63.771	65.841	178
135	529	9402.593	64.128	65.569	179
136	527	9548.409	63.976	65.457	180
137	519	9738.136	63.609	65.623	181
138	523	9820.029	63.672	65.472	182
139	529	9892.635	63.776	65.574	183
140	526	9952.736	64.400	65.483	184
141	528	10067.727	64.356	65.650	185
142	525	10206.502	64.206	65.982	186
143	525	10253.592	64.228	65.714	187
144	524	10394.902	64.141	65.789	188
145	527	10447.278	64.300	65.621	189
146	525	10523.558	64.407	65.807	190
147	521	10640.603	64.333	65.913	191
148	520	10711.344	63.933	65.230	192
149	516	10785.804	64.241	66.065	193
150	512	10911.416	64.259	65.864	194
151	513	10944.016	64.189	65.726	195
152	505	11050.782	64.580	65.889	196
153	502	11136.088	63.728	66.019	197
154	502	11187.829	63.937	66.284	198
155	500	11225.583	64.163	65.557	199
156	491	11345.084	64.168	65.476	200
157	486	11462.949	64.038	66.015	201
158	484	11498.602	64.406	66.123	202
159	466	11579.292	64.228	66.300	203
160	465	11667.912	63.950	65.851	204
161	454	11788.695	63.962	66.003	205
162	455	11785.170	64.637	66.105	206
163	430	11971.309	64.617	66.098	207
164	427	11988.377	64.818	65.675	208
165	408	12132.905	64.430	66.039	209
166	389	12315.038	64.267	66.121	210
167	380	12363.144	64.059	66.041	211
168	378	12369.064	64.427	65.417	212
169	365	12425.266	64.829	65.653	213
170	347	12549.054	64.448	65.830	214
171	337	12539.142	63.802	65.842	215
172	328	12598.187	64.316	66.172	216
173	319	12635.464	63.763	66.030	217
174	310	12584.027	64.668	65.678	218
175	311	12529.355	64.404	65.636	219
176	303	12543.573	64.347	66.319	220
177	302	12488.307	64.238	66.178	221
178	297	12393.672	64.322	65.635	222
179	297	12380.949	63.880	66.058	223
180	293	12317.841	64.642	66.196	224
181	296	12237.858	64.287	66.313	225
182	294	12209.238	64.340	66.044	226
183	293	12123.036	64.257	65.929	227
184	292	12028.173	64.405	66.164	228
185	294	11991.404	64.853	65.805	229
186	291	11880.408	64.769	65.810	230
187	294	11832.884	64.196	65.529	231
188	292	11759.931	64.388	66.265	232
189	294	11639.253	64.185	65.494	233
190	294	11617.269	64.003	66.241	234
191	294	11507.615	64.158	66.101	235
192	292	11398.265	64.821	66.149	236
193	293	11337.323	64.855	65.844	237
194	296	11233.092	64.598	65.748	238
195	296	11157.280	63.941	65.935	239
196	296	11090.618	64.268	66.056	240
197	298	11002.122	64.460	65.760	241
198	299	10935.381	64.054	65.988	242
199	302	10828.204	64.221	66.157	243
200	302	10720.290	64.006	66.052	244
201	301	10661.489	64.285	65.706	245
202	300	10516.973	64.454	65.783	246
203	304	10439.813	64.398	65.932	247
204	304	10326.959	64.466	66.009	248
205	306	10266.663	64.205	65.793	249
206	308	10193.680	64.405	66.008	250
207	307	10034.104	64.265	66.258	251
208	304	9961.901	64.444	65.598	252
209	306	9871.116	64.393	66.562	253
210	310	9791.915	64.404	66.132	254
211	314	9760.831	64.092	66.016	255
212	315	9661.808	63.942	66.364	256
213	315	9586.290	63.714	65.907	257
214	314	9445.338	64.658	65.978	258
215	313	9330.236	64.487	66.197	259
216	317	9258.001	64.431	65.997	260
217	319	9209.370	64.287	66.004	261
218	321	9089.058	64.199	66.239	262
219	321	9002.888	64.420	66.322	263
220	322	8908.661	64.139	66.188	264
221	322	8802.315	64.386	66.295	265
222	328	8749.786	64.142	66.363	266
223	329	8603.944	63.848	66.311	267
224	324	8541.154	64.132	66.035	268
225	326	8475.766	64.565	65.968	269
226	328	8342.066	64.899	66.042	270
227	331	8292.766	64.216	66.815	271
228	335	8213.192	63.884	66.254	272
229	335	8096.993	63.917	66.424	273
230	334	8053.245	63.929	66.080	274
231	336	7948.418	64.594	66.042	275
232	339	7857.518	64.458	66.415	276
233	338	7769.271	64.461	66.313	277
234	340	7708.650	64.204	65.777	278
235	338	7590.921	64.144	66.238	279
236	344	7506.124	64.253	65.715	280
237	345	7389.748	64.671	66.283	281
238	351	7385.938	64.667	65.274	282
239	350	7296.343	63.856	65.904	283
240	354	7219.262	63.707	66.251	284
241	355	7100.747	64.421	66.045	285
242	355	7047.347	64.228	65.963	286
243	356	6943.790	64.402	66.189	287
244	358	6849.232	63.925	66.094	288
245	361	6764.104	64.412	66.328	289
246	355	6650.680	64.128	66.541	290
247	359	6584.091	63.638	66.418	291
248	363	6501.477	64.195	66.713	292
249	366	6424.935	64.254	65.884	293
250	370	6362.120	64.167	66.002	294
251	369	6273.058	63.924	66.195	295
252	368	6160.287	64.711	66.606	296
253	372	6097.946	64.435	66.316	297
254	374	6006.241	64.568	66.495	298
255	376	5920.774	64.393	65.927	299
256	380	5877.676	64.193	65.679	300
257	378	5743.947	63.662	66.937	301
258	387	5669.893	64.103	66.676	302
259	389	5644.603	63.266	65.737	303
260	386	5539.788	64.509	66.652	304
261	388	5448.069	64.708	66.320	305
262	385	5391.760	64.422	66.082	306
263	391	5295.474	64.289	66.064	307
264	399	5245.205	63.675	66.628	308
265	393	5154.778	63.867	66.079	309
266	399	5063.761	64.246	66.177	310
267	397	5023.424	64.366	66.188	311
268	400	4956.936	64.044	66.020	312
269	408	4859.030	63.872	66.414	313
270	406	4808.450	64.314	65.791	314
271	409	4745.506	64.045	65.932	315
272	414	4654.804	64.350	66.479	316
273	409	4592.418	64.238	66.476	317
274	409	4515.401	64.235	66.601	318
275	417	4480.016	64.397	66.280	319
276	415	4397.150	63.539	66.050	320
277	418	4360.191	64.631	65.503	321
278	422	4262.964	64.523	66.445	322
279	424	4200.427	64.087	66.075	323
280	422	4153.573	64.209	66.132	324
281	426	4076.518	64.229	66.263	325
282	427	4025.471	63.914	66.652	326
283	430	4001.251	64.551	66.115	327
284	424	3894.551	64.061	66.023	328
285	427	3835.011	64.613	66.610	329
286	435	3779.909	64.279	66.527	330
287	437	3722.658	64.129	66.758	331
288	438	3662.796	64.763	66.447	332
289	441	3608.651	64.280	66.826	333
290	444	3540.500	64.467	66.937	334
291	441	3480.653	63.935	66.589	335
292	442	3439.336	64.584	65.812	336
293	447	3388.267	64.219	66.367	337
294	445	3304.999	64.448	66.759	338
295	450	3261.309	64.221	66.633	339
296	447	3212.194	64.312	66.595	340
297	453	3180.737	63.954	66.121	341
298	451	3105.255	65.168	65.901	342
299	456	3073.757	65.259	66.461	343
300	452	3008.252	64.413	66.540	344
301	461	2960.309	64.189	66.744	345
302	458	2920.890	64.795	66.583	346
303	457	2854.497	64.649	66.719	347
304	461	2855.010	64.328	66.098	348
305	464	2793.852	64.366	66.031	349
306	469	2745.725	64.927	66.156	350
307	458	2685.575	64.268	66.071	351
308	461	2641.078	64.606	66.572	352
309	463	2583.951	64.503	66.870	353
310	469	2549.818	64.388	66.565	354
311	473	2512.233	64.297	66.263	355
312	467	2437.616	64.659	67.194	356
313	473	2418.560	65.007	66.463	357
314	475	2379.376	64.934	66.192	358
315	473	2333.768	65.123	66.277	359
316	474	2288.110	64.285	66.261	360
317	476	2264.250	64.546	65.940	361
318	478	2219.702	64.517	65.749	362
319	481	2178.448	64.863	65.940	363
320	478	2139.189	64.470	66.400	364
321	481	2096.192	64.678	66.320	365
322	482	2068.371	63.969	66.329	366
323	478	2016.960	64.192	66.534	367
324	477	1966.171	64.537	66.601	368
325	481	1947.257	64.871	66.110	369
326	480	1910.063	64.302	66.265	370
327	483	1884.505	64.083	66.168	371
328	481	1834.862	64.372	66.086	372
329	483	1796.292	64.045	66.267	373
330	485	1776.587	63.977	66.191	374
331	482	1744.276	64.651	65.888	375
332	483	1698.054	64.035	66.331	376
333	481	1655.678	63.975	66.285	377
334	479	1637.941	64.184	66.300	378
335	488	1623.914	64.710	65.579	379
336	483	1565.892	64.328	66.231	380
337	486	1546.818	63.794	66.273	381
338	490	1529.673	63.999	65.693	382
339	481	1478.645	63.412	66.095	383
340	485	1450.803	64.056	66.169	384
341	486	1416.310	64.342	66.370	385
342	483	1391.102	64.158	66.538	386
343	488	1364.680	64.012	66.445	387
344	483	1334.265	64.526	66.387	388
345	483	1298.953	64.790	66.716	389
346	486	1277.110	64.454	66.600	390
347	483	1229.843	64.427	67.238	391
348	485	1229.481	64.294	66.747	392
349	478	1192.403	64.290	66.599	393
350	477	1155.225	64.252	67.178	394
351	478	1140.286	64.167	67.258	395
352	482	1136.240	64.422	66.815	396
353	478	1094.592	65.297	66.481	397
354	483	1081.563	65.222	66.690	398
355	475	1055.254	64.268	67.081	399
356	471	1024.642	65.345	66.935	400
357	475	1011.811	65.206	66.134	401
